0.8 0 0 0
1535348466763 1751.93 69.9861 152.204
1535348466773 1755.95 72.0274 155.115
1535348466793 1738.2 74.6404 160.696
1535348466813 1691.92 75.7956 166.019
1535348466833 1665.37 78.9512 171.677
1535348466853 1625.32 81.1309 176.383
1535348466873 1586.15 82.6944 180.852
1535348466893 1574.94 85.8286 184.537
1535348466913 1525.84 87.0546 188.233
1535348466933 1496.03 88.8975 191.537
1535348466954 1491.35 92.7913 193.952
1535348466973 1458.24 94.1439 196.383
1535348466993 1415.41 95.6811 198.209
1535348467013 1387.62 97.7111 199.335
1535348467023 1373.76 99.4828 200.633
1535348467043 1338.26 101.566 201.08
1535348467053 1335.91 102.47 201.059
1535348467073 1288.28 104.16 201.354
1535348467083 1259.53 104.226 201.308
1535348467103 1251.1 107.979 201.064
1535348467113 1228.56 107.923 200.771
1535348467133 1188.97 109.752 200.342
1535348467143 1171.31 110.366 199.64
1535348467153 1176.15 112.801 198.797
1535348467173 1146.86 114.796 196.966
1535348467193 1134.14 118.076 194.98
1535348467214 1090.93 118.817 192.443
1535348467223 1088.08 120.459 191.624
1535348467243 1027.8 120.302 188.459
1535348467253 1025.4 121.917 186.799
1535348467273 1004.04 124.848 182.813
1535348467283 961.014 123.213 181.375
1535348467293 959.395 125.501 179.324
1535348467313 945.68 128.731 174.849
1535348467333 913.021 130.192 170.086
1535348467343 885.02 129.57 168.084
1535348467363 876.887 133.658 162.403
1535348467373 862.758 134.205 159.611
1535348467393 833.523 135.945 153.937
1535348467403 812.569 136.176 151.312
1535348467423 792.56 138.235 144.698
1535348467433 772.38 138.869 141.494
1535348467456 751.17 141.037 133.85
1535348467463 728.058 141.422 130.754
1535348467483 704.403 143.719 123.448
1535348467504 658.244 142.297 117.333
1535348467513 665.673 145.685 112.674
1535348467533 630.575 146.478 104.853
1535348467543 621.504 148.068 100.394
1535348467563 603.172 150.867 91.1213
1535348467573 591.124 151.476 86.3459
1535348467593 557.054 152.384 77.7681
1535348467613 536.674 155.343 67.1889
1535348467633 502.844 155.497 58.6939
1535348467643 496.569 157.207 52.6848
1535348467653 480.094 157.629 47.5466
1535348467673 451.536 158.949 37.1414
1535348467693 426.479 160.896 25.1987
1535348467703 409.23 161.264 20.8552
1535348467723 383.425 162.573 9.01808
1535348467733 376.545 164.136 3.7184
1535348467753 357.991 163.776 15.2441
1535348467773 346.913 165.108 23.7947
1535348467783 342.17 165.536 27.5829
1535348467813 326.467 167.847 39.5008
1535348467823 314.643 167.196 44.4035
1535348467843 301.254 168.132 51.8617
1535348467863 291.986 169.497 58.2165
1535348467873 286.581 169.965 61.4673
1535348467893 271.088 170.514 68.2839
1535348467913 254.242 170.269 74.7571
1535348467923 252.257 171.53 77.2425
1535348467943 238.44 172.295 82.27
1535348467953 226.76 171.504 85.507
1535348467973 223.293 174.359 89.1644
1535348467983 210.063 173.452 91.9264
1535348468003 201.098 174.674 95.5896
1535348468013 194.952 175.035 97.7264
1535348468033 184.545 176.535 100.465
1535348468053 170.699 177.184 103.549
1535348468063 174.606 181.6 102.915
1535348468083 156.896 178.632 106.61
1535348468103 137.589 178.642 108.998
1535348468113 132.416 179.374 109.876
1535348468133 117.69 179.322 111.482
1535348468143 113.482 179.835 111.672
1535348468163 103.015 181.542 112.566
1535348468183 80.9805 180.416 113.255
1535348468193 86.2949 182.535 112.094
1535348468213 69.7771 183.315 111.763
1535348468233 47.7686 181.877 112.026
1535348468253 46.0875 184.982 110.257
1535348468263 30.4507 182.621 109.768
1535348468283 24.8095 185.135 107.565
1535348468303 19.7443 187.653 104.767
1535348468313 8.7955 186.772 103.45
1535348468334 -7.47241 187.555 100.759
1535348468353 -24.519 185.78 98.7491
1535348468373 -26.7079 188.738 94.4654
1535348468383 -26.832 190.698 91.9677
1535348468404 -50.7559 188.554 88.9672
1535348468413 -54.5529 189.124 86.0706
1535348468433 -66.7902 189.512 81.845
1535348468453 -75.2115 191.787 76.1059
1535348468473 -88.7006 191.584 71.1113
1535348468493 -92.4102 194.322 63.9459
1535348468503 -107.895 192.068 62.3582
1535348468523 -118.445 193.108 55.8929
1535348468543 -127.853 193.884 48.476
1535348468564 -136.469 195.622 39.9354
1535348468573 -147.863 193.889 36.6035
1535348468593 -150.343 198.1 27.5874
1535348468613 -168.984 195.163 21.3318
1535348468633 -176.294 197.675 11.6355
1535348468653 -197.448 194.332 4.11583
1535348468674 -201.572 197.787 10.4018
1535348468813 -279.937 202.937 48.2118
1535348468833 -292.914 202.517 52.6866
1535348469003 -389.886 207.008 68.4134
1535348469023 -400.744 207.502 68.2304
