0.8 0 0 0
1535353502992 1648.37 -23.1478 169.681
1535353503002 1634.98 -23.4144 171.514
1535353503022 1610.74 -25.0237 175.915
1535353503032 1586.53 -25.3383 178.56
1535353503062 1538.02 -27.1845 183.796
1535353503072 1511.45 -26.8917 185.402
1535353503092 1474 -28.8173 188.784
1535353503112 1411.8 -29.5129 191.77
1535353503132 1390.79 -30.537 194.061
1535353503152 1373.15 -31.9275 195.826
1535353503172 1343.17 -33.2456 197.162
1535353503182 1305.26 -33.6442 197.834
1535353503212 1270.11 -35.4335 199.313
1535353503222 1264.59 -36.3328 199.36
1535353503242 1233.32 -37.7182 199.572
1535353503252 1234.68 -38.0802 199.424
1535353503262 1179.92 -38.4439 199.084
1535353503282 1174.09 -40.1842 198.796
1535353503302 1136.29 -41.3323 197.314
1535353503312 1089.11 -40.9184 197.041
1535353503322 1082.24 -41.4593 196.102
1535353503342 1055.09 -42.7636 194.617
1535353503362 1041.74 -44.7705 192.706
1535353503372 1010.95 -44.6875 191.437
1535353503382 1005.25 -45.4733 190.437
1535353503402 967.488 -46.4374 188.17
1535353503412 952.878 -46.8119 186.301
1535353503422 930.778 -46.9775 184.977
1535353503432 912.661 -47.6125 183.309
1535353503462 867.197 -49.1879 177.863
1535353503472 862.342 -50.3968 175.474
1535353503482 848.519 -51.0328 173.094
1535353503502 798.55 -51.2655 168.419
1535353503512 786.683 -51.8004 165.884
1535353503522 787.21 -52.5 162.78
1535353503542 738.459 -52.8116 158.041
1535353503562 719.616 -54.8302 152.244
1535353503572 700.112 -55.1437 149.259
1535353503582 682.984 -55.5973 146.012
1535353503602 654.133 -56.539 139.461
1535353503612 649.724 -57.7409 135.444
1535353503622 632.595 -57.965 132.341
1535353503642 597.211 -59.3814 125.501
1535353503652 584.989 -59.4047 121.977
1535353503672 548.894 -59.8865 114.786
1535353503682 536.542 -59.9542 110.658
1535353503702 506.014 -61.4288 102.837
1535353503712 503.056 -62.5861 97.5304
1535353503732 467.242 -62.9306 88.7229
1535353503742 457.825 -63.8724 84.0113
1535353503762 425.795 -64.3192 74.7183
1535353503772 417.825 -65.4219 69.7903
1535353503782 398.418 -64.9676 65.3387
1535353503882 246.78 -87.2781 27.4392
1535353504022 189.474 -91.2711 63.2908
