0.8 0 0 0
1535350402359 1959.11 23.9355 127.817
1535350402379 1963.1 24.5582 135.698
1535350402389 1931.89 25.0492 140.46
1535350402409 1910.22 24.9364 148.876
1535350402429 1872.67 24.8426 156.918
1535350402449 1856.77 25.206 164.152
1535350402459 1833.92 25.465 167.6
1535350402469 1812.45 25.1818 171.807
1535350402489 1778.36 25.0929 178.128
1535350402509 1748.75 25.6557 185.223
1535350402529 1716.49 25.2168 190.299
1535350402539 1686.41 25.0514 194.046
1535350402559 1705.62 26.0616 199.187
1535350402569 1634.23 24.9545 201.449
1535350402589 1623.6 24.8914 205.712
1535350402609 1568.45 25.4007 210.381
1535350402619 1553.6 24.9639 212.04
1535350402629 1543.41 25.0827 214.351
1535350402649 1480.51 24.5739 217.216
1535350402659 1474.36 24.4294 218.8
1535350402679 1474.93 24.8834 222.264
1535350402689 1421.7 24.0857 223.022
1535350402709 1391.83 23.9438 225.351
1535350402729 1374.98 23.9896 227.244
1535350402739 1359.3 24.1898 227.481
1535350402759 1330.8 24.0951 229.188
1535350402769 1311.92 23.8207 229.024
1535350402789 1282.9 23.419 229.985
1535350402799 1254.94 23.5124 229.276
1535350402819 1227.62 23.1636 229.477
1535350402829 1215.35 23.1019 229.678
1535350402849 1164.94 22.8048 228.528
1535350402859 1201.38 24.1787 228.972
1535350402879 1152.64 22.754 227.747
1535350402899 1115.03 22.889 226.126
1535350402909 1112.12 23.2401 225.039
1535350402919 1092.1 22.668 224.108
1535350402939 1066.3 22.5367 221.889
1535350402949 1056.77 22.6229 220.946
1535350402969 1018.53 22.2894 217.97
1535350402979 1010.06 21.8172 216.518
1535350402999 983.002 21.7723 212.982
1535350403010 954.007 21.6395 211.048
1535350403019 937.926 21.348 209.047
1535350403039 909.191 21.318 204.774
1535350403059 891.122 20.8395 200.742
1535350403069 882.988 20.8597 198.672
1535350403089 845.539 20.4797 193.354
1535350403099 840.996 20.7168 190.63
1535350403119 800.927 19.8563 184.957
1535350403139 774.204 20.0218 178.879
1535350403149 762.635 19.5637 175.516
1535350403169 742.984 19.6239 168.615
1535350403179 729.426 19.3042 165.694
1535350403199 687.409 19.1796 158.924
1535350403209 684.697 18.8241 154.91
1535350403229 656.26 18.7048 147.285
1535350403239 640.243 18.4041 143.39
1535350403259 612.951 18.5196 135.097
1535350403269 604.04 18.1767 131.141
1535350403289 567.242 17.5922 123.095
1535350403309 544.136 17.4146 114.248
1535350403319 542.355 17.235 108.768
1535350403339 499.262 16.8272 100.391
1535350403349 480.925 16.9644 95.9387
1535350403369 460.587 16.3349 85.4759
1535350403379 461.427 16.124 78.5669
1535350403399 435.175 16.0402 68.0366
