0.8 0 0 0
1535351121510 1615.89 26.8144 206.495
1535351121530 1576.53 26.2657 211.397
1535351121550 1566.63 26.5518 215.783
1535351121580 1498.09 26.5376 221.502
1535351121600 1464.55 26.3279 224.841
1535351121630 1417.45 26.0458 229.506
1535351121650 1413.68 26.3973 232.567
1535351121670 1362.74 26.0219 233.898
1535351121700 1317.89 25.9351 235.987
1535351121720 1296.02 26.0899 237.821
1535351121740 1264.95 26.64 238.324
1535351121760 1245.79 26.2328 238.814
1535351121780 1191.3 25.8462 238.004
1535351121800 1160.43 25.8423 237.525
1535351121810 1151.25 25.3845 237.458
1535351121830 1125 26.1025 236.267
1535351121850 1090.93 25.6047 234.223
1535351121860 1081.12 25.5806 233.394
1535351121880 1048.37 25.7851 231.355
1535351121900 1031.8 25.7277 229.082
1535351121910 1014.68 25.8701 227.74
1535351121920 1001.81 26.2206 226.383
1535351121940 960.701 25.6659 222.982
1535351121950 957.119 25.6866 221.586
1535351121970 928.273 25.9662 217.603
1535351121980 911.714 25.7234 215.586
1535351122000 892.676 25.9857 211.308
1535351122010 877.74 25.9625 208.909
1535351122031 823.563 25.7956 204.096
1535351122050 818.356 25.8166 198.955
1535351122060 801.693 25.732 196.044
1535351122080 783.071 26.0619 190.275
1535351122090 767.247 25.6051 187.463
1535351122110 731.718 25.4163 181.174
1535351122130 706.438 25.4601 174.265
1535351122140 690.818 25.5164 170.853
1535351122160 661.044 25.5402 163.929
1535351122170 653.559 25.4196 159.863
1535351122190 628.012 25.1856 152.566
1535351122200 605.625 25.167 148.731
1535351122220 582.738 25.3269 139.786
1535351122230 562.948 24.6421 136.491
1535351122250 545.045 24.9117 127.622
1535351122260 526.74 24.5681 122.923
1535351122280 506.455 24.8766 113.705
1535351122290 494.583 25.0594 108.599
1535351122310 457.419 24.963 99.6849
1535351122320 458.15 24.5063 93.6353
1535351122340 423.606 24.4973 83.5436
1535351122360 393.954 23.8047 73.2535
1535351122370 386.268 23.8147 68.0859
