0.8 0 0 0
1535350308444 2035.97 21.879 115.533
1535350308454 2011.91 22.0448 119.74
1535350308464 2007.7 21.7468 124.516
1535350308484 1991.2 21.9578 132.029
1535350308504 1923.6 22.8703 140.912
1535350308514 1891.21 23.1079 144.611
1535350308524 1882.89 23.0738 148.008
1535350308544 1857.91 22.7453 155.507
1535350308554 1856.77 23.2597 158.845
1535350308574 1777.08 23.268 164.803
1535350308594 1779.19 24.0976 170.114
1535350308604 1759.13 24.2444 173.519
1535350308624 1725.12 24.4623 178.563
1535350308634 1703.96 24.1669 181.077
1535350308644 1706.35 25.6068 182.985
1535350308654 1661.92 25.5106 185.127
1535350308674 1632.11 25.5693 189.932
1535350308684 1633.04 25.4718 191.66
1535350308694 1589.85 26.0612 193.877
1535350308704 1581.89 25.9952 195.383
1535350308714 1558.19 26.3014 196.524
1535350308724 1568.4 26.8236 198.032
1535350308744 1507.77 26.6004 200.52
1535350308754 1494.72 27.1184 201.551
1535350308764 1497.52 27.3147 202.377
1535350308784 1456.18 27.8564 203.861
1535350308794 1464.15 27.9356 204.824
1535350308814 1405.54 28.3912 206.551
1535350308824 1394.49 28.5223 206.241
1535350308834 1368.91 28.2351 207.222
1535350308844 1382.27 28.2581 207.555
1535350308864 1336.91 28.4646 207.575
1535350308874 1329.7 28.6273 207.881
1535350308894 1268.65 28.7057 207.036
1535350308904 1261 28.8758 206.303
1535350308914 1236.83 29.1876 206.004
1535350308934 1212.41 29.3125 205.24
1535350308944 1202.57 29.3052 204.414
1535350308964 1175.16 29.823 202.726
1535350308974 1163.46 29.9353 201.927
1535350308984 1151.78 30.1085 200.584
1535350308994 1132.28 30.1386 199.817
1535350309004 1110.45 30.6307 198.476
1535350309024 1085.23 30.6011 196.214
1535350309034 1069.47 30.8032 194.209
1535350309044 1045.82 30.3059 192.477
1535350309054 1042.69 31.0404 190.841
1535350309074 1000.65 30.8803 187.201
1535350309084 990.369 31.054 184.739
1535350309094 981.338 31.2137 182.699
1535350309114 956.688 31.3152 178.326
1535350309124 938.43 31.3467 175.809
1535350309134 919.224 31.494 173.332
1535350309144 907.274 31.397 170.984
1535350309154 897.675 31.657 168.055
1535350309174 874.827 31.8366 162.088
1535350309184 854.655 31.9438 159.711
1535350309194 840.322 32.5166 156.76
1535350309214 815.593 32.0917 150.264
1535350309224 788.944 31.9635 147.004
1535350309234 775.84 31.9031 143.647
1535350309244 765.585 32.0561 139.689
1535350309254 745.322 31.7539 136.32
1535350309265 735.773 32.4238 132.469
1535350309284 718.403 32.8291 125.329
1535350309294 699.396 32.6748 121.372
1535350309304 685.987 32.7574 117.664
1535350309314 669.97 32.9836 113.453
1535350309334 649.122 33.1035 104.867
1535350309344 643.107 33.395 100.146
1535350309364 606.772 33.44 91.6741
1535350309374 574.74 33.0878 88.7628
1535350309384 576.572 33.2177 82.8987
1535350309394 565.725 33.2813 78.0291
1535350309404 550.656 33.551 73.1071
1535350309424 517.621 33.3219 63.9244
1535350309434 507.228 33.7077 58.2938
1535350309444 503.881 34.18 51.9749
1535350309454 484.381 34.0197 47.1572
1535350309474 472.502 33.3398 34.8652
1535350309674 282.668 33.0263 65.3218
1535350309684 274.402 32.6755 68.5957
1535350309694 272.967 33.8598 70.3326
1535350309714 257.809 34.2903 76.3142
1535350309724 251.501 33.7988 79.0427
1535350309744 227.991 33.5185 85.71
1535350309754 226.786 33.9359 87.5579
1535350309764 220.56 33.7134 90.0241
1535350309774 214.661 33.581 92.1825
1535350309794 193.108 32.8615 97.4795
1535350309804 193.963 32.8836 99.2779
1535350309814 181.388 32.738 101.207
1535350309825 181.909 32.6611 102.879
1535350309844 170.006 32.5904 106.477
1535350309854 156.744 33.2811 108.088
1535350309864 152.974 32.6727 109.547
1535350309884 139.933 32.7085 111.984
1535350309894 139.302 32.2277 112.981
1535350309904 130.83 32.4501 114.019
1535350309924 114.095 32.2394 115.926
1535350309934 109.979 31.8427 116.332
1535350309944 96.9641 32.5112 117.598
1535350309954 93.78 31.8286 117.588
1535350309974 83.683 31.8089 118.125
1535350309984 73.0937 32.0849 118.548
1535350309994 65.3577 32.2851 118.222
1535350310014 50.6973 32.407 118.634
1535350310024 48.9234 31.5255 118.177
1535350310034 36.6179 32.0464 117.898
1535350310055 32.7465 31.3883 116.636
1535350310064 28.7851 31.136 115.98
1535350310084 11.5079 30.9059 114.208
1535350310094 10.305 30.9921 112.959
1535350310104 0.0303193 31.2679 112.33
1535350310124 -8.99776 30.8097 109.345
1535350310134 -19.6062 30.475 108.292
1535350310144 -25.4808 30.591 106.883
1535350310154 -27.6056 30.5122 105.235
1535350310174 -36.6915 29.9284 100.74
1535350310184 -50.0793 29.8097 99.9848
1535350310194 -49.783 29.8155 97.3033
1535350310204 -56.6201 29.4826 95.6869
1535350310224 -70.1279 29.7435 91.487
1535350310234 -77.9115 29.4948 89.1856
1535350310244 -86.5617 29.47 87.0611
1535350310264 -92.4316 28.6485 81.0612
1535350310274 -99.8786 28.775 78.7918
1535350310284 -103.751 28.0377 74.2746
1535350310294 -119.264 28.9767 72.7448
1535350310304 -122.123 29.344 70.2663
1535350310324 -126.062 27.477 63.1311
1535350310344 -148.762 28.5631 58.024
1535350310354 -153.59 28.6525 54.3907
1535350310364 -152.603 26.7381 50.0241
1535350310375 -156.983 27.344 45.3774
1535350310394 -168.295 26.9784 37.4983
1535350310404 -177.738 27.1402 34.3421
1535350310424 -189.855 26.9466 26.1322
1535350310434 -193.713 26.5927 21.4796
1535350310454 -204.707 26.4091 12.3931
1535350310464 -212.847 26.4277 8.64104
1535350310474 -219.738 26.1591 2.64594
1535350310494 -227.44 25.4699 10.523
1535350310514 -239.929 24.3943 18.2495
1535350310524 -245.802 24.2823 22.1202
1535350310534 -251.47 24.0114 25.4775
1535350310554 -263.05 23.1812 32.3609
1535350310564 -268.178 22.6721 35.2808
1535350310584 -279.965 21.9261 41.6032
1535350310594 -286.121 21.5026 44.2469
1535350310615 -296.723 20.7371 49.7164
1535350310624 -302.955 20.2127 52.2706
1535350310644 -313.966 19.4401 57.103
1535350310654 -319.209 19.1514 59.0102
1535350310674 -330.695 18.4082 63.4342
1535350310684 -336.369 17.9598 65.2936
1535350310704 -347.328 17.1701 68.7847
1535350310714 -353.175 16.8757 70.2781
1535350310724 -358.747 16.4975 71.964
1535350310744 -370.189 15.5819 74.5763
1535350310754 -375.517 15.2001 75.7885
1535350310774 -386.058 14.5353 77.5408
1535350310784 -391.727 14.211 78.5558
1535350310794 -397.753 13.8169 79.3186
1535350310804 -403.187 13.4971 79.9805
1535350310824 -414.178 12.6133 81.0221
1535350310834 -419.978 12.3327 81.3658
1535350310844 -425.323 11.8129 81.8594
1535350310864 -436.056 11.1015 82.0176
1535350310894 -452.607 9.99976 81.6047
1535350310904 -458.165 9.62375 81.3587
1535350310924 -468.833 8.81918 80.2444
1535350310934 -474.211 8.45271 79.5138
1535350310944 -479.891 8.05428 79.0542
1535350310964 -490.409 7.30286 77.2798
1535350310974 -495.914 6.96091 76.0074
