0.8 0 0 0
1535347959481 2048.56 -36.5764 102.602
1535347959501 2021.97 -33.867 113.262
1535347959521 1997.9 -30.3641 122.181
1535347959541 1928.53 -26.6191 132.165
1535347959561 1891.97 -23.6687 141.541
1535347959631 1781.12 -12.3805 167.594
1535347959651 1746.39 -9.19827 175.238
1535347959691 1665.64 -3.14689 187.462
1535347959711 1633.8 -0.280783 193.744
1535347959731 1617.62 2.46316 197.317
1535347959741 1563.32 4.0602 200.489
1535347959761 1578.11 6.70855 204.978
1535347959781 1522.1 9.58846 208.643
1535347959801 1504.5 12.0136 212.586
1535347959821 1485.77 15.0241 215.671
1535347959841 1450.23 18.161 218.546
1535347959851 1419.7 19.2596 219.572
1535347959871 1376.05 21.9613 221.373
1535347959891 1349.84 24.2832 223.235
1535347959901 1313.2 24.9853 223.35
1535347959921 1316.3 28.344 225.285
1535347959941 1270.81 30.4083 225.855
1535347959951 1272.42 31.9306 226.075
1535347959971 1249.1 35.2203 226.828
1535347959991 1217.68 37.3891 226.709
1535347960001 1202.93 38.5778 226.568
1535347960021 1170.72 41.0448 226.04
1535347960041 1126.32 43.1133 224.321
1535347960061 1114.78 45.5275 223.619
1535347960071 1095.3 47.2646 222.352
1535347960091 1073.72 48.7969 220.534
1535347960101 1050.47 49.5549 219.368
1535347960121 1023.01 52.1054 216.87
1535347960141 985.607 54.0359 213.949
1535347960151 969.505 55.271 212.085
1535347960171 956.057 57.9992 208.535
1535347960191 924.657 60.6534 204.54
1535347960201 905.278 60.9667 202.569
1535347960221 897.451 64.0391 198.328
1535347960241 855.314 65.3315 193.348
1535347960261 821.91 67.3393 188.315
1535347960271 813.392 68.8414 185.277
1535347960291 780.76 70.3667 179.752
1535347960311 764.174 73.443 173.208
1535347960331 722.619 74.5591 167.208
1535347960341 728.61 76.7801 163.179
1535347960361 687.226 77.791 156.488
1535347960381 665.171 80.4644 148.876
1535347960391 657.63 81.4052 144.447
1535347960411 613.1 83.2142 137.345
1535347960431 592.998 85.0038 129.272
1535347960451 572.331 87.4897 120.313
1535347960461 561.545 88.3646 115.93
1535347960481 531.423 90.3725 107.356
1535347960501 497.852 91.4416 98.6028
1535347960511 488.365 93.2554 93.7047
1535347960531 464.013 95.3996 83.4901
1535347960551 447.546 98.1822 72.0574
1535347960561 435.498 99.634 66.847
1535347960581 394.449 100.654 57.6099
1535347960591 388.099 101.338 51.833
1535347960611 357.226 103.474 40.3014
1535347960631 334.138 105.224 28.6191
1535347960651 315.508 107.996 15.8595
1535347960661 298.575 108.547 10.5453
1535347960681 277.281 109.843 8.02432
1535347960701 265.889 111.308 17.824
1535347960711 257.649 111.624 23.1549
1535347960731 249.264 113.507 31.4531
1535347960741 243.723 114.016 35.8817
1535347960761 225.34 114.416 44.9048
1535347960780 217.033 116.138 52.7915
1535347960801 199.552 116.88 60.3593
1535347960811 194.918 117.247 64.3063
1535347960831 187.161 119.072 70.6877
1535347960851 173.062 120.116 77.0977
1535347960860 165.115 119.976 80.8082
1535347960881 151.669 121.431 86.441
1535347960901 143.28 123.007 91.8514
1535347960911 132.836 123.217 95.0099
1535347960921 132.917 124.64 96.8404
1535347960941 117.665 126.23 101.252
1535347960961 102.229 126.173 105.962
1535347960990 76.8967 126.45 112.104
1535347961011 65.9859 127.872 114.877
1535347961030 50.2881 128.594 117.587
1535347961041 54.1411 130.978 118.116
1535347961071 32.3996 131.341 121.366
1535347961090 18.4941 131.899 122.916
1535347961101 8.54708 131.438 123.64
1535347961121 5.8097 134.97 123.666
1535347961140 -11.592 134.426 124.539
1535347961151 -13.5345 136.05 124.19
1535347961170 -31.5921 135.543 124.755
1535347961190 -42.7148 136.405 123.786
1535347961200 -50.2876 136.607 123.427
1535347961221 -56.3928 138.718 121.895
1535347961241 -71.4758 138.991 120.76
1535347961250 -76.571 140.51 119.299
1535347961271 -88.5388 140.308 117.434
1535347961281 -98.2047 140.745 116.075
1535347961300 -113.387 140.596 113.687
1535347961320 -120.601 142.272 110.257
1535347961330 -129.522 142.045 109.001
1535347961350 -136.564 143.869 104.026
1535347961370 -151.032 144.164 100.191
1535347961390 -161.598 145.213 95.6132
1535347961400 -166.781 146.048 93.04
1535347961420 -178.4 146.545 87.9984
1535347961431 -184.878 146.797 85.3634
1535347961450 -195.992 147.924 79.4941
1535347961470 -206.137 149.034 72.8065
1535347961480 -214.376 149.018 70.3841
1535347961500 -221.977 151.103 61.7786
1535347961520 -234.571 151.462 54.9096
1535347961540 -247.003 151.863 47.8583
1535347961550 -252.989 152.119 43.9586
1535347961571 -264.283 153.024 35.8315
1535347961590 -277.341 153.085 27.7131
1535347961600 -279.953 154.674 22.8454
1535347961620 -290.424 155.55 13.0098
1535347961640 -305.023 155.714 2.16628
1535347961650 -311.29 155.14 1.83747
1535347961671 -318.895 157.341 12.7927
1535347961690 -334.358 155.912 20.8975
1535347961710 -343.483 157.667 26.7868
1535347961740 -360.571 158.8 36.4283
1535347961861 -424.774 165.449 63.925
1535347961880 -435.11 166.648 66.8956
1535347961901 -446.631 167.041 69.7976
