0.8 0 0 0
1535353604246 1844.6 120.202 145.867
1535353604266 1810.76 120.747 153.476
1535353604286 1775.7 120.685 160.643
1535353604306 1726.15 119.674 167.186
1535353604326 1675.05 119.058 173.211
1535353604346 1669.52 120.259 178.849
1535353604366 1636.43 120.263 184.504
1535353604386 1587.3 119.419 189.28
1535353604396 1577.14 119.336 191.328
1535353604426 1522.82 119.004 196.74
1535353604446 1519.45 120.191 200.586
1535353604456 1467.73 118.24 202.03
1535353604476 1436.35 118.215 204.755
1535353604496 1402.39 118.491 207.184
1535353604506 1375.06 118.113 208.305
1535353604526 1368.13 118.906 209.892
1535353604536 1346.04 118.502 210.826
1535353604556 1318.81 118.766 212.097
1535353604566 1304.04 118.618 212.471
1535353604586 1282.53 118.854 212.733
1535353604596 1251.13 117.763 212.489
1535353604616 1209.6 117.124 213.231
1535353604626 1203.67 117.669 212.976
1535353604636 1167.81 116.53 212.426
1535353604646 1186.31 118.614 211.922
1535353604666 1152.99 118.037 210.687
1535353604686 1117.15 117.322 209.313
1535353604696 1095.99 116.651 208.346
1535353604716 1066.98 116.595 206.116
1535353604736 1045.25 116.922 203.706
1535353604746 1024.98 116.364 202.388
1535353604766 985.571 115.719 199.05
1535353604776 980.203 115.928 197.472
1535353604786 967.664 116.102 195.643
1535353604806 927.56 115.029 192.071
1535353604816 920.382 115.158 189.701
1535353604836 901.165 116.004 185.177
1535353604846 878.192 115.023 182.771
1535353604866 842.526 114.327 178.032
1535353604876 826.998 113.876 175.263
1535353604896 801.416 114.285 169.795
1535353604916 774.937 114.155 163.876
1535353604926 757.012 113.719 160.869
1535353604936 747.911 114.276 157.62
1535353604956 707.475 113.282 151.115
1535353604966 704.176 113.641 147.433
1535353604986 668.008 112.842 140.284
1535353605016 626.079 112.612 130.033
1535353605036 606.824 112.816 121.457
1535353605046 591.482 112.609 117.415
1535353605056 576.64 112.195 112.997
1535353605076 548.475 111.919 104.465
1535353605086 532.329 111.693 100.179
1535353605106 503.176 110.863 90.592
1535353605126 483.306 111.44 80.3876
1535353605136 460.55 110.79 75.7826
1535353605156 436.687 110.81 65.3529
1535353605166 423.181 110.634 59.9771
1535353605186 394.507 110.248 49.5519
1535353605196 383.196 110.516 43.8268
1535353605226 341.42 110.37 27.3192
1535353605236 331.768 110.591 20.9687
1535353605256 306.632 110.483 9.84667
1535353605276 274.346 111.49 7.32372
1535353605286 276.23 110.552 12.1543
1535353605306 263.417 110.648 21.5068
1535353605326 254.621 111.746 29.5605
1535353605346 237.161 111.51 38.6424
1535353605356 229.409 109.457 44.0112
