0.8 0 0 0
1535347528794 1876.63 -34.1433 136.162
1535347528804 1867.32 -33.7072 140.704
1535347528824 1821.06 -33.3321 147.442
1535347528864 1776.49 -32.8551 159.198
1535347528884 1738.81 -33.3069 164.45
1535347528904 1701.35 -32.6858 169.493
1535347528924 1633.25 -32.1893 174.711
1535347528944 1643.28 -31.9348 178.063
1535347528964 1597.73 -31.9582 181.382
1535347528984 1560.87 -31.5568 185.481
1535347529004 1557.9 -31.8004 188.306
1535347529014 1560.14 -31.8992 189.415
1535347529034 1499.43 -31.6183 192.167
1535347529054 1458.47 -31.7567 194.209
1535347529074 1463.07 -32.5702 195.215
1535347529094 1416.65 -31.3111 196.541
1535347529114 1385.68 -31.1599 197.094
1535347529124 1361.26 -31.2466 197.293
1535347529144 1330.13 -30.8611 197.427
1535347529164 1293.68 -30.5511 197.461
1535347529184 1280.96 -30.9541 196.482
1535347529194 1264.42 -30.7325 196.181
1535347529214 1236.99 -31.1666 195.353
1535347529234 1186.29 -30.6214 193.719
1535347529254 1179.25 -30.8141 191.625
1535347529264 1156.56 -30.9789 190.454
1535347529284 1150.76 -30.3557 187.816
1535347529304 1108.73 -30.4756 184.796
1535347529324 1075.13 -30.4583 180.953
1535347529344 1055.71 -30.2752 177.853
1535347529354 1050.1 -30.6502 175.677
1535347529374 1019.23 -30.3659 171.448
1535347529394 988.272 -30.4193 166.331
1535347529404 984.788 -30.8519 163.694
1535347529424 950.435 -30.811 158.688
1535347529444 928.547 -30.8472 153.088
1535347529454 914.372 -31.2835 150.232
1535347529474 887.273 -31.1582 143.599
1535347529494 858.319 -30.9515 137.352
1535347529514 832.495 -30.5499 130.17
1535347529534 795.916 -30.703 124.291
1535347529554 794.037 -30.995 115.095
1535347529574 762.502 -30.8345 108.757
1535347529584 743.05 -31.0166 105.075
1535347529604 709.12 -31.0099 96.9739
1535347529624 685.669 -30.4679 88.2652
1535347529644 679.229 -31.0799 77.4669
1535347529654 661.563 -31.2023 73.2003
1535347529674 631.708 -31.5931 63.5696
1535347529694 614.67 -31.4338 52.9086
1535347529714 587.055 -31.5483 42.3939
1535347529734 569.959 -31.9019 31.1278
1535347529784 532.633 -31.5724 -2.22391
1535347529864 449.242 -33.4617 42.649
1535347529874 444.218 -33.8822 46.5182
1535347529894 434.935 -34.501 54.5676
1535347529914 419.25 -34.5436 62.2829
1535347529934 398.931 -34.7164 70.3385
1535347529954 397.331 -35.7954 76.0013
1535347529974 381.31 -36.147 82.8288
1535347529994 370.685 -36.7706 88.6647
1535347530014 354.74 -36.5103 94.7361
1535347530034 344.623 -37.3212 99.5283
1535347530054 330.044 -37.9196 104.357
1535347530064 324.515 -38.1394 106.531
1535347530084 313.977 -38.8013 110.452
1535347530104 301.996 -39.5574 113.808
1535347530124 290.7 -39.3652 116.779
1535347530144 280.836 -40.2565 119.499
1535347530154 269.485 -40.4312 121.049
1535347530174 259.461 -40.7345 122.831
1535347530194 249.559 -41.1201 124.638
1535347530214 228.542 -41.2856 126.402
1535347530224 233.225 -41.9996 125.933
1535347530244 213.307 -42.4443 126.809
1535347530264 208.862 -43.5538 126.904
1535347530274 207.171 -43.6534 126.751
1535347530294 190.73 -44.0057 126.809
1535347530314 175.18 -44.2322 126.033
1535347530324 177.059 -44.9075 125.209
1535347530344 166.915 -45.8689 123.609
1535347530364 152.021 -45.3522 122.091
1535347530384 138.978 -45.3842 119.914
1535347530404 125.246 -46.0315 117.591
1535347530424 108.379 -45.8226 114.852
1535347530434 110.181 -46.6817 112.666
1535347530454 108.099 -48.5843 107.965
1535347530474 79.3095 -46.6318 105.636
1535347530494 69.2658 -47.7018 100.986
1535347530514 57.9514 -51.0204 98.2803
1535347530564 9.55649 -39.8063 82.3104
1535347530584 4.24774 -39.6399 82.8478
