0.8 0 0 0
1535351125940 2021 28.9379 119.881
1535351125950 2000.44 29.5853 124.307
1535351125970 1976.7 30.5919 132.027
1535351125990 1901.35 31.7725 141.109
1535351126010 1855.9 32.5873 149.295
1535351126030 1842.54 34.4683 155.465
1535351126050 1831.56 34.9556 162.399
1535351126070 1810.74 36.5689 169.025
1535351126080 1759.33 36.9792 171.943
1535351126100 1740.5 37.8678 178.044
1535351126120 1700.12 39.2767 182.758
1535351126140 1640.64 39.6084 188.107
1535351126160 1628.62 40.9289 192.434
1535351126170 1619.69 41.8819 194.98
1535351126190 1588.02 43.034 198.719
1535351126210 1536.8 43.3773 201.538
1535351126220 1524.75 43.831 203.401
1535351126240 1483.65 44.7205 205.955
1535351126250 1455.7 44.9662 206.879
1535351126270 1432.15 45.3986 208.959
1535351126280 1426.5 46.0825 210.132
1535351126290 1408.36 46.5804 210.788
1535351126310 1382.98 47.6255 212.243
1535351126330 1350.27 48.7048 213.023
1535351126340 1320.42 48.6074 212.837
1535351126360 1303.1 50.0691 213.698
1535351126370 1303.68 50.6356 213.462
1535351126390 1237.2 50.438 213.031
1535351126400 1227.1 51.4903 212.389
1535351126410 1236.64 53.0024 212.142
1535351126430 1193.55 52.3967 210.927
1535351126450 1172.42 54.3518 209.428
1535351126470 1140.1 55.1445 207.051
1535351126480 1116.12 55.5463 206.28
1535351126500 1103.5 56.3834 203.42
1535351126510 1081.42 56.6942 201.911
1535351126530 1058.97 57.8028 199.209
1535351126550 998.243 57.3962 195.121
1535351126560 1021.22 59.4832 193.375
1535351126580 963.895 59.1302 189.391
1535351126590 969.108 60.5985 186.578
1535351126610 936.534 61.0857 182.198
1535351126630 915.333 62.7853 176.825
1535351126640 900.713 62.6234 174.009
1535351126660 874.845 63.25 168.345
1535351126680 847.11 63.9301 162.152
1535351126690 834.962 64.3825 158.996
1535351126710 792.609 64.6387 152.664
1535351126720 779.07 64.8148 149.156
1535351126740 748.067 65.2401 142.138
1535351126760 714.094 65.4544 135.219
1535351126770 710.641 66.3383 130.398
1535351126790 675.377 66.42 123.41
1535351126800 665.415 67.0202 118.928
1535351126820 641.858 67.6361 111.027
1535351126840 615.606 67.8685 102.105
1535351126850 597.37 67.9853 98.0645
1535351126870 578.879 68.8674 87.8719
1535351126890 538.56 68.6366 79.4598
1535351126900 527.79 69.2848 74.2017
1535351126920 510.712 70.3791 63.2402
