0.8 0 0 0
1535347553383 2114.43 54.9472 123.696
1535347553402 2084.29 55.3331 132.212
1535347553422 2054.04 55.767 140.375
1535347553463 1975.56 56.567 156.164
1535347553492 1945.54 57.3112 166.735
1535347553512 1893.09 57.3796 173.257
1535347553533 1844.31 57.8532 179.688
1535347553552 1799.66 57.3664 185.059
1535347553572 1759.19 57.7774 190.535
1535347553592 1718.37 57.3096 194.368
1535347553612 1688.61 58.6551 199.221
1535347553632 1700.33 60.1899 202.517
1535347553652 1687.51 61.1294 205.727
1535347553672 1641.59 60.8004 209.527
1535347553682 1634.04 61.4822 210.421
1535347553702 1588.27 61.7041 212.875
1535347553722 1533.89 60.9623 214.944
1535347553732 1534.23 61.6915 215.795
1535347553752 1482.1 61.8674 217.021
1535347553772 1451.52 61.8174 218.47
1535347553782 1443.8 62.3899 218.795
1535347553802 1419.91 62.6394 218.819
1535347553813 1418.35 63.4066 218.997
1535347553833 1366.76 63.4382 218.468
1535347553852 1340.11 63.9494 218.622
1535347553872 1329.79 66.0149 217.594
1535347553892 1316.45 66.4335 215.923
1535347553912 1247.73 65.1673 214.075
1535347553922 1241.19 66.0862 212.894
1535347553942 1219.6 66.3118 210.873
1535347553962 1169.18 65.5082 208.234
1535347553982 1131.53 65.5987 204.509
1535347553992 1129.24 65.9589 203.301
1535347554012 1100.4 66.9071 199.648
1535347554032 1071.7 67.2104 195.622
1535347554052 1052.25 67.8399 191.242
1535347554072 1017.78 67.6273 185.978
1535347554082 994.465 67.4319 184.238
1535347554102 963.811 67.656 178.582
1535347554122 934.504 67.8861 172.998
1535347554142 911.661 68.3001 166.782
1535347554162 878.184 68.6526 160.49
1535347554172 876.426 68.9502 156.949
1535347554192 840.341 68.8712 150.106
1535347554302 698.49 69.7799 105.684
1535347554312 676.692 69.799 101.851
1535347554332 645.403 69.6477 92.6005
1535347554352 627.886 69.7284 81.9106
1535347554362 608.437 69.8798 77.513
1535347554382 588.781 70.6579 66.7715
1535347554402 567.441 70.2787 54.9975
1535347554422 524.826 70.1452 46.0303
1535347554442 501.151 70.4019 34.2105
1535347554462 475.44 70.4697 22.6583
1535347554472 466.511 70.4461 16.0285
1535347554492 438.883 69.8936 4.49961
1535347554512 423.219 70.401 14.8684
1535347554532 412.035 70.839 23.5864
1535347554552 394.208 72.0451 32.6938
1535347554572 383.328 72.1529 41.0464
1535347554592 368.423 72.4959 49.3464
1535347554602 359.872 72.8204 53.6461
1535347554622 346.158 73.0598 60.8513
1535347554642 332.249 73.498 67.7107
1535347554662 318.403 73.6182 74.43
1535347554682 300.532 74.2305 80.9127
1535347554693 296.8 74.6582 83.6419
1535347554712 284.105 74.9278 88.8421
1535347554732 266.998 74.9308 94.5453
1535347554752 252.034 75.035 98.9321
1535347554772 244.187 75.834 103.081
1535347554782 232.136 76.1194 105.024
1535347554802 223.115 76.2555 108.146
1535347554822 209.179 76.7712 111.197
1535347554842 194.999 77.491 114.089
1535347554852 179.9 77.0836 115.57
1535347554872 168.443 77.361 117.923
1535347554882 167.975 78.4259 118.169
1535347554902 146.878 77.9622 120.207
1535347554922 137.663 78.8589 120.684
1535347554932 132.316 79.3633 121.028
1535347554952 119.651 79.3668 120.979
1535347554972 107.01 79.5154 121.113
1535347554992 96.6983 80.1084 120.477
1535347555012 74.0149 79.9979 119.969
1535347555023 61.0965 79.544 119.722
1535347555042 51.1357 80.2532 118.346
1535347555062 43.1582 80.8802 115.791
1535347555082 30.3213 81.3306 113.836
1535347555102 18.4943 80.9263 111.048
1535347555122 5.00207 81.4364 108.146
1535347555142 -5.07949 82.2374 104.266
1535347555162 -18.2988 82.357 100.098
1535347555172 -26.2376 82.1268 98.3705
