0.8 0 0 0
1535351116600 2044.13 25.8715 114.996
1535351116630 2008.81 26.9376 128.872
1535351116640 1977.44 27.6962 134.792
1535351116691 1880.22 29.6878 155.179
1535351116720 1849.13 31.1179 166.098
1535351116740 1783.81 30.5726 173.914
1535351116750 1759.1 31.1517 177.036
1535351116770 1742.06 32.0644 182.857
1535351116790 1679.86 32.6511 189.386
1535351116820 1664.52 33.6563 196.944
1535351116840 1640.51 34.6533 202.532
1535351116850 1596.86 34.5002 204.801
1535351116870 1594.86 35.95 209.27
1535351116880 1584.59 35.8561 211.234
1535351116890 1554.28 36.0041 212.277
1535351116910 1500.12 35.7865 216.178
1535351116920 1503.73 36.4043 217.945
1535351116930 1484.3 36.8418 219.467
1535351116950 1454.51 37.1354 221.531
1535351116960 1423.6 37.0343 222.958
1535351116970 1411.89 37.5597 223.789
1535351116980 1400.95 37.8317 225.095
1535351117000 1368.04 38.4077 226.704
1535351117010 1352.65 38.8894 227.299
1535351117020 1342.66 39.0775 227.66
1535351117040 1288.61 38.8419 228.191
1535351117050 1294.24 39.5369 228.61
1535351117060 1280.26 40.0808 228.979
1535351117081 1229.23 39.6476 228.751
1535351117090 1238.75 40.3686 229.087
1535351117110 1214.03 41.2287 228.404
1535351117120 1199.71 40.9703 228.295
1535351117130 1184.39 41.4007 227.397
1535351117150 1143.94 41.6515 225.85
1535351117160 1119.04 41.7703 224.397
1535351117170 1100.87 42.1565 223.871
1535351117190 1085 42.5119 221.914
1535351117200 1062.42 42.6141 220.628
1535351117210 1064.06 42.925 219.585
1535351117220 1042.52 43.0083 218.029
1535351117240 1011.8 43.3258 214.951
1535351117251 995.586 43.7103 213.478
1535351117260 967.155 43.3458 211.77
1535351117280 941.779 44.076 208.007
1535351117290 939.214 44.5548 205.746
1535351117300 907.442 44.3095 203.381
1535351117310 904.912 44.6384 201.689
1535351117330 874.857 44.9351 197.043
1535351117340 878.812 45.6983 194.964
1535351117360 840.123 45.2332 189.557
1535351117370 817.991 45.5196 186.628
1535351117390 802.536 45.8018 180.957
1535351117400 777.467 46.0319 177.915
1535351117410 768.016 46.0169 174.604
1535351117430 733.897 46.5847 168.286
1535351117440 731.499 47.1113 164.702
1535351117450 704.164 47.284 161.566
1535351117470 665.273 47.0725 154.704
1535351117480 663.671 47.916 150.436
1535351117490 662.125 48.4913 145.787
1535351117500 646.069 47.9444 142.173
1535351117520 616.918 47.986 133.959
1535351117530 605.437 48.3549 130.233
1535351117540 584.294 48.0531 126.252
1535351117560 556.604 48.0386 118.416
1535351117570 556.578 49.0351 112.723
1535351117590 521.527 48.5231 104.063
1535351117600 506.772 48.6848 99.2314
1535351117610 493.737 48.9072 94.4504
1535351117630 464.067 49.3612 84.337
1535351117650 433.79 49.4068 74.1543
1535351117660 429.398 49.703 68.2319
