0.8 0 0 0
1535347540223 1788.72 68.768 122.229
1535347540243 1776.68 68.1749 128.659
1535347540263 1739.63 67.4732 134.806
1535347540283 1734.64 67.8458 141.044
1535347540303 1670.3 65.6238 147.573
1535347540323 1651.88 65.6123 152.476
1535347540343 1614.66 64.5232 157.361
1535347540363 1568.35 63.763 161.81
1535347540383 1553.01 63.695 166.186
1535347540403 1498.93 61.9432 169.543
1535347540423 1474.69 61.3188 172.958
1535347540443 1426.06 60.0221 175.966
1535347540463 1393.37 58.9087 178.299
1535347540473 1360.93 57.9469 179.587
1535347540494 1315.5 56.5332 181.53
1535347540513 1299.63 56.2656 182.726
1535347540533 1260.31 55.3672 183.377
1535347540543 1242.31 54.7833 184.653
1535347540563 1230.01 54.7538 185.217
1535347540583 1183.9 53.8031 185.557
1535347540593 1163.67 53.1053 185.12
1535347540613 1167.39 52.8914 184.423
1535347540633 1127.24 51.9004 183.517
1535347540653 1099.86 51.1893 182.093
1535347540663 1068.7 49.9416 181.492
1535347540683 1049.46 49.5169 179.833
1535347540703 1015.95 48.7053 177.294
1535347540723 1006.64 48.117 174.435
1535347540733 976.66 47.4726 173.456
1535347540753 942.207 46.693 170.15
1535347540773 931.615 46.2017 166.592
1535347540783 890.721 44.7745 165.387
1535347540803 875.854 44.5194 161.451
1535347540823 855.968 43.7048 156.547
1535347540843 823.698 43.6619 152.251
1535347540963 685.991 40.0077 114.954
1535347540983 620.422 36.2979 110.12
1535347541013 584.465 35.7001 98.3217
1535347541023 571.173 34.979 94.5802
1535347541043 549.92 34.0607 85.6964
1535347541063 520.048 33.3866 77.1731
1535347541073 496.769 32.3691 73.435
1535347541093 477.121 31.9295 63.6234
1535347541113 453.157 30.9289 53.6195
1535347541133 426.309 30.3645 43.5141
1535347541143 413.238 29.9735 37.7721
1535347541163 384.877 29.4593 27.8999
1535347541183 358.264 28.6106 17.8475
1535347541203 334.147 28.1452 3.50463
1535347541223 310.065 27.6836 11.3418
1535347541243 304.393 27.6013 19.2261
1535347541263 289.278 27.1897 28.236
1535347541283 281.16 27.191 35.2747
1535347541303 267.094 26.6935 43.4564
1535347541323 252.969 26.8449 50.5398
1535347541343 242.947 26.8124 57.2133
1535347541363 225.13 26.2063 64.246
1535347541373 215.373 26.3695 67.3535
1535347541393 197.703 25.2361 74.3638
1535347541413 192.791 25.3454 78.8305
1535347541433 180.915 25.364 83.5321
1535347541453 170.135 24.7514 88.17
1535347541463 162.066 24.648 90.7257
1535347541483 139.381 24.7026 95.6291
1535347541503 130.504 24.6981 98.1822
1535347541523 120.395 24.4299 101.05
1535347541543 111.297 24.0885 103.204
1535347541563 93.0641 23.6409 106.297
1535347541573 80.5928 23.9031 107.354
1535347541593 73.9516 23.7506 108.749
1535347541613 60.9292 22.8972 109.645
1535347541633 45.6766 23.4114 110.507
1535347541653 35.0721 22.8046 110.46
1535347541663 34.3791 22.4349 110.478
1535347541683 24.316 22.2902 109.72
1535347541703 2.15601 22.2431 109.823
1535347541723 -9.73442 21.7965 108.581
1535347541733 -8.09803 21.8263 107.307
1535347541753 -19.5043 21.1098 105.818
1535347541773 -34.4271 20.969 103.563
1535347541783 -38.7846 20.6317 102.212
1535347541803 -48.4062 20.2213 99.4939
1535347541823 -63.4896 20.1517 96.627
1535347541843 -69.5723 19.2275 92.3463
