0.8 0 0 0
1535347803389 2005.69 -57.8348 124.794
1535347803399 1985.64 -56.5292 128.822
1535347803420 1957.42 -56.1666 136.504
1535347803439 1925.1 -55.1426 143.587
1535347803459 1901.1 -54.0786 150.66
1535347803479 1882.92 -53.1583 156.038
1535347803499 1835.03 -52.1675 162.645
1535347803519 1796.29 -51.1695 167.863
1535347803529 1786.52 -50.7309 170.936
1535347803549 1718.93 -48.6249 174.781
1535347803589 1659.7 -46.5769 183.605
1535347803609 1660.21 -46.3418 186.822
1535347803629 1619.06 -44.8475 189.989
1535347803639 1601.11 -44.6004 191.431
1535347803649 1580.74 -43.8901 192.353
1535347803669 1538.52 -42.32 194.772
1535347803679 1534.86 -42.7894 195.844
1535347803699 1477.99 -40.6797 197.497
1535347803709 1469.75 -40.6531 198.037
1535347803719 1457.89 -40.6388 198.388
1535347803739 1432.89 -38.5184 198.433
1535347803749 1389.08 -38.7651 199.141
1535347803769 1409.4 -38.1247 199.432
1535347803779 1357.66 -37.1406 199.221
1535347803799 1338.48 -36.3024 198.648
1535347803809 1311.94 -35.7062 198.526
1535347803819 1289.04 -35.0505 197.979
1535347803839 1253.04 -33.7531 196.875
1535347803849 1246.42 -33.4322 195.772
1535347803869 1242.21 -32.9884 194.378
1535347803879 1210.5 -31.7232 192.796
1535347803889 1190.98 -31.472 192.203
1535347803909 1158.21 -30.3561 189.287
1535347803919 1151.31 -30.1259 188.262
1535347803939 1125.73 -29.3072 184.996
1535347803949 1117.19 -28.8971 183.23
1535347803969 1073.14 -27.8681 179.486
1535347803979 1061.8 -27.1539 178.251
1535347803989 1050.5 -26.7923 175.988
1535347804009 1010.45 -25.7017 171.419
1535347804029 988.401 -24.6697 166.521
1535347804039 1002.95 -24.5344 163.102
1535347804059 947.34 -23.7344 159.003
1535347804069 933.466 -23.2875 156.156
1535347804089 898.675 -22.1216 150.636
1535347804099 902.923 -22.3545 146.891
1535347804119 868.166 -21.2895 140.409
1535347804129 847.726 -20.8799 137.474
1535347804139 832.421 -20.611 134.078
1535347804159 802.926 -19.6655 127.057
1535347804179 784.503 -18.708 119.629
1535347804189 771.227 -18.5317 115.567
1535347804209 744.582 -17.6962 108.703
1535347804219 730.572 -17.3876 104.185
1535347804239 709.383 -15.8492 95.3046
1535347804250 697.615 -15.6108 90.4937
1535347804269 664.932 -14.5216 81.6052
1535347804279 651.667 -14.31 77.0104
1535347804299 623.866 -14.02 67.2954
1535347804319 596.828 -12.8196 58.092
1535347804329 583.541 -12.4187 52.8532
1535347804349 554.937 -11.6562 42.5666
