0.8 0 0 0
1535351099411 2067.13 26.3306 106.636
1535351099432 2026.45 26.9962 116.341
1535351099451 2006.4 28.3259 126.015
1535351099461 2012.85 29.6306 130.035
1535351099481 1959.03 29.5786 139.42
1535351099502 1921.98 31.1343 147.597
1535351099511 1886.68 31.7071 151.903
1535351099531 1868.07 32.8882 159.388
1535351099552 1859.84 34.6716 166.861
1535351099561 1815.93 34.0826 170.168
1535351099581 1789.43 35.8911 176.758
1535351099591 1745.18 35.1653 179.732
1535351099611 1713.77 36.6969 186.17
1535351099621 1709.66 36.7242 189.346
1535351099641 1689.4 38.7757 194.63
1535351099651 1676.3 39.0747 197.136
1535351099661 1674.26 39.3115 200.146
1535351099681 1611.82 40.3862 203.877
1535351099691 1584.4 40.4748 205.68
1535351099701 1588.94 41.6273 207.675
1535351099722 1552.46 41.9948 211.71
1535351099731 1522.43 42.0745 212.582
1535351099741 1500.81 42.3692 214.862
1535351099751 1496.6 43.3466 216.69
1535351099771 1461.91 44.0113 218.877
1535351099781 1452.49 44.4076 219.916
1535351099801 1407.78 45.1811 221.401
1535351099811 1399.38 45.8802 222.976
1535351099821 1369.53 46.0391 223.048
1535351099841 1341.99 47.0999 224.559
1535351099851 1333.94 48.0144 225.164
1535351099861 1306.17 47.8189 225.595
1535351099871 1296.95 48.3174 225.839
1535351099881 1274.69 48.4882 225.923
1535351099891 1262.28 49.7884 226.195
1535351099901 1261.5 49.9496 226.598
1535351099921 1220.15 50.8501 225.979
1535351099931 1220.24 51.4687 225.9
1535351099951 1198.3 53.0249 224.628
1535351099961 1169.41 52.9746 224.182
1535351099971 1156.27 53.6233 223.38
1535351099991 1136.18 54.583 221.875
1535351100001 1113.79 54.7949 220.819
1535351100011 1073.28 54.0838 219.435
1535351100021 1085.82 55.8719 218.498
1535351100042 1040.13 55.8508 215.368
1535351100051 1033.91 56.6473 214.136
1535351100071 1001.35 57.5191 210.471
1535351100081 995.596 57.8664 208.636
1535351100091 979.285 58.3314 206.886
1535351100111 934.33 58.6378 202.693
1535351100121 933.841 59.3645 200.491
1535351100141 918.709 60.6679 195.903
1535351100151 910.438 61.7461 193.595
1535351100171 874.123 62.3021 188.554
1535351100181 871.084 62.7882 185.553
1535351100201 831.444 63.2692 180.1
1535351100211 813.57 63.1854 176.86
1535351100221 806.274 64.002 173.906
1535351100231 791.537 64.3856 170.702
1535351100251 751.937 64.3869 164.184
1535351100261 734.083 64.358 160.912
1535351100271 730.162 65.0448 157.098
1535351100291 698.079 65.443 149.664
1535351100301 674.632 65.7421 146.18
1535351100321 656.175 66.6622 137.505
1535351100331 641.749 66.8407 133.38
1535351100341 630.122 66.9556 129.932
1535351100361 601.028 67.2494 121.075
1535351100371 587.948 67.7985 117.584
1535351100391 560.135 68.5905 108.28
1535351100411 531.717 68.6979 99.0502
1535351100421 517.794 69.5367 94.0911
1535351100431 511.318 69.9702 88.5976
1535351100451 478.372 70.3758 78.8562
1535351100461 470.584 71.0201 73.1911
