0.8 0 0 0
1535353624275 1694.73 85.3782 124.119
1535353624295 1647.28 85.5279 131.76
1535353624315 1648.02 87.8155 138.639
1535353624335 1623.23 88.362 145.835
1535353624355 1556.48 87.4663 152.96
1535353624375 1525.92 88.1397 159.092
1535353624385 1492.27 87.6893 161.823
1535353624405 1472.66 88.6286 167.88
1535353624425 1425.36 88.2931 173.607
1535353624445 1390.22 88.8447 178.244
1535353624465 1353.73 88.8323 182.427
1535353624485 1317.04 89.3921 186.797
1535353624495 1314.24 89.8954 188.765
1535353624515 1288.17 90.9755 191.872
1535353624535 1222.59 89.6145 195.015
1535353624545 1215.22 90.0398 196.613
1535353624565 1168.83 90.4192 198.637
1535353624575 1150 90.9091 199.875
1535353624595 1118.08 91.0229 201.139
1535353624615 1076.01 90.8072 202.778
1535353624625 1072.76 91.8606 203.514
1535353624645 1040.45 92.4504 204.249
1535353624655 992.932 90.9973 204.694
1535353624675 982.269 92.3984 204.854
1535353624685 958.982 92.1588 204.785
1535353624705 935.894 92.8387 204.302
1535353624725 898.284 92.6336 203.378
1535353624735 893.573 93.0858 203.011
1535353624755 853.117 93.0959 201.587
1535353624765 834.579 92.8924 200.621
1535353624785 796.124 92.6616 198.89
1535353624795 782.718 92.5182 197.745
1535353624815 752.786 93.4141 194.824
1535353624835 709.747 93.2061 192.452
1535353624845 707.494 94.0697 190.825
1535353624855 672.356 92.045 189.08
1535353624875 650.848 93.2951 185.216
1535353624885 629.413 92.5501 183.32
1535353624895 614.733 93.2604 181.465
1535353624915 584.718 93.6067 176.897
1535353624935 550.571 93.5804 171.863
1535353624945 540.445 94.2303 169.477
1535353624965 503.163 93.7891 164.144
1535353624975 494.87 94.5552 160.902
1535353624995 454.944 94.1988 155.153
1535353625006 440.353 93.9606 152.453
1535353625025 413.735 94.74 145.054
1535353625035 401.755 94.4726 142.827
1535353625055 369.045 94.1894 135.77
1535353625065 353.009 94.6792 131.694
1535353625085 326.557 95.2761 123.709
1535353625105 288.188 94.9751 115.98
1535353625115 277.282 95.179 111.801
1535353625135 243.225 94.8482 103.44
1535353625145 231.946 95.4073 98.4015
1535353625165 201.641 95.6721 89.6435
1535353625175 182.977 95.3461 85.1381
1535353625195 153.433 95.4035 76.0024
1535353625215 130.684 96.124 65.3252
1535353625225 110.937 95.8835 60.7928
1535353625235 97.3018 96.5603 55.8207
1535353625255 77.3051 97.374 44.2105
1535353625275 50.6196 97.8773 33.2163
1535353625455 -103.733 111.46 59.4073
1535353625475 -114.865 116.59 69.2128
1535353625485 -115.803 119.952 72.932
1535353625515 -125.262 128.018 85.3577
1535353625535 -142.761 131.15 94.3759
1535353625555 -142.768 138.073 100.026
1535353625595 -162.609 146.194 115.261
