0.8 0 0 0
1535349322508 1622.52 -34.7712 188.467
1535349322517 1628.77 -35.2128 190.949
1535349322547 1594.01 -35.1091 197.641
1535349322567 1531.93 -33.7484 201.509
1535349322587 1495.57 -33.5778 205.746
1535349322597 1500.26 -34.1837 207.232
1535349322617 1439.11 -32.7791 209.512
1535349322637 1423.73 -32.9348 212.612
1535349322647 1401.04 -33.346 213.369
1535349322667 1374.95 -32.9485 215.724
1535349322677 1374.56 -32.9312 216.947
1535349322697 1338.53 -32.6565 218.517
1535349322717 1298.78 -32.4967 219.082
1535349322727 1308.47 -32.2534 219.682
1535349322747 1261.45 -32.0377 219.975
1535349322757 1246.39 -31.8595 220.106
1535349322777 1202.15 -31.8804 219.886
1535349322787 1203.14 -31.973 219.959
1535349322797 1194.69 -31.8426 219.329
1535349322817 1157.31 -31.3335 218.164
1535349322827 1127.55 -30.6443 217.056
1535349322847 1111.6 -30.9242 216.034
1535349322857 1093.46 -30.5343 215.278
1535349322867 1086.88 -30.6591 213.93
1535349322887 1064.47 -30.4941 211.865
1535349322897 1023.47 -29.3937 210.061
1535349322917 1004.62 -29.4546 207.299
1535349322927 996.771 -29.4627 205.927
1535349322947 968.426 -29.0887 202.841
1535349322957 957.817 -28.8782 200.261
1535349322977 939.479 -29.355 196.657
1535349322987 923.147 -28.688 194.612
1535349323007 878.995 -28.3122 189.812
1535349323017 876.581 -28.1613 187.072
1535349323037 855.429 -28.4072 181.776
1535349323047 832.648 -28.2028 179.026
1535349323067 801.045 -28.0469 173.334
1535349323077 785.657 -28.364 170.446
1535349323097 760.129 -28.2638 164.223
1535349323107 746.625 -27.9611 160.907
1535349323117 734.812 -28.119 157.654
1535349323137 697.966 -27.8791 150.918
1535349323147 689.307 -27.8009 147.137
1535349323157 675.314 -27.8207 143.059
1535349323177 639.835 -27.2649 135.729
1535349323187 633.875 -27.5943 132.004
1535349323207 621.648 -27.9547 123.228
1535349323217 609.753 -28.0017 118.828
1535349323227 592.031 -27.9405 115.485
1535349323247 573.372 -28.2082 105.59
1535349323257 556.079 -27.5587 101.601
1535349323278 525.129 -27.7339 92.3179
1535349323287 513.032 -27.8428 87.7657
1535349323307 493.053 -27.9461 76.8106
1535349323317 477.01 -27.8167 71.9265
1535349323337 449.495 -28.2386 61.7502
1535349323507 263.864 -28.0791 37.1184
1535349323637 206.799 -32.7158 85.0298
1535349323657 204.213 -37.9189 93.185
1535349323678 192.042 -41.6553 102.367
1535349323697 194.655 -47.402 109.629
1535349323707 185.568 -49.7204 114.122
1535349323727 189.792 -54.557 120.557
1535349323737 187.637 -56.684 123.63
1535349323757 185.331 -61.9039 129.851
1535349323777 182.511 -66.5474 136.926
1535349323787 182.975 -69.5166 139.315
1535349323797 175.454 -70.8076 142.278
1535349323817 176.404 -76.5086 147.341
1535349323827 178.861 -79.1344 149.462
1535349323847 175.547 -84.4589 154.196
1535349323857 175.968 -86.9787 156.4
1535349323877 168.904 -91.377 160.347
1535349323887 161.12 -92.5662 162.523
1535349323907 155.413 -96.9143 166.005
1535349323917 146.446 -99.8269 168.8
1535349323937 166.566 -107.656 170.446
1535349323947 140.154 -106.824 173.072
1535349323967 149.735 -111.803 173.772
1535349323977 150.224 -115.026 174.936
1535349323997 148.01 -119.511 176.475
1535349324007 136.853 -120.094 176.789
1535349324027 141.098 -126.585 178.332
1535349324037 137.05 -128.998 178.873
1535349324057 140.071 -135.129 179.38
1535349324067 137.021 -136.196 179.184
1535349324077 128.03 -137.715 179.444
1535349324097 125.32 -142.788 179.315
1535349324107 106.734 -144.002 180.367
1535349324127 123.278 -150.174 177.737
1535349324137 102.199 -150.986 178.928
1535349324147 114.876 -153.601 176.164
1535349324167 124.153 -161.881 174.076
1535349324177 102.512 -159.421 173.674
1535349324197 89.2636 -164.512 173.731
1535349324207 87.9522 -166.908 172.362
1535349324227 84.6468 -171.605 169.539
1535349324237 82.8818 -173.992 168.121
1535349324257 100.334 -181.119 162.793
1535349324267 98.1342 -182.811 160.276
1535349324287 95.7408 -188.06 156.53
1535349324297 86.1227 -187.884 154.435
1535349324318 67.873 -192.048 152.34
1535349324327 83.7973 -195.117 147.489
1535349324337 72.9896 -194.49 144.688
1535349324357 74.278 -200.219 138.737
1535349324367 60.762 -204.323 139.198
1535349324387 47.5439 -206.429 133.971
1535349324407 53.297 -207.769 125.499
1535349324417 61.3274 -212.049 121.136
1535349324427 67.1564 -216.871 116.924
1535349324447 65.2291 -223.069 109.619
1535349324459 58.1805 -222.419 106.552
1535349324477 40.9502 -221.814 100.179
1535349324487 46.0323 -226.197 95.916
1535349324507 39.0754 -229.729 88.0044
1535349324517 37.5575 -231.121 84.127
1535349324537 44.5143 -239.72 73.7041
1535349324557 35.102 -241.123 65.5912
1535349324567 29.4127 -242.717 61.7146
1535349324587 25.0106 -245.219 52.892
1535349324607 24.2193 -251.163 42.547
1535349324627 18.366 -254.123 32.9404
1535349324647 15.9312 -259.016 21.8958
1535349324657 16.1606 -262.526 16.3698
1535349324677 0.630433 -261.414 6.7898
1535349324697 5.59921 -269.368 5.70158
1535349324717 -1.83411 -272.257 15.6178
1535349324727 -12.8433 -270.176 21.5164
1535349324747 -16.0916 -275.89 28.5356
1535349324767 -25.5306 -277.474 36.1277
1535349324777 -37.5177 -275.737 41.5201
1535349324798 -35.4 -284.228 46.5962
1535349324817 -36.0247 -290.255 51.2473
1535349324837 -54.9548 -287.226 60.3576
1535349324847 -58.4183 -288.616 63.0984
1535349324867 -69.7277 -289.719 69.214
1535349324887 -75.6734 -293.738 73.7915
1535349324907 -73.9445 -302.477 77.0766
1535349324918 -82.5431 -301.147 79.3034
1535349324937 -89.9354 -304.166 83.7959
1535349324957 -97.374 -307.18 87.5622
1535349324977 -103.926 -310.982 90.3793
1535349324997 -110.406 -314.398 93.5207
1535349325017 -119.763 -315.676 96.2565
1535349325037 -124.018 -320.621 97.7871
1535349325047 -127.166 -322.494 98.9704
1535349325067 -136.411 -324.067 100.261
1535349325087 -141.959 -327.851 101.308
1535349325097 -139.973 -333.965 101.092
1535349325128 -156.486 -334.013 102.051
1535349325138 -158.744 -336.425 102.21
1535349325158 -170.548 -335.662 102.094
1535349325177 -173.711 -341.813 100.84
1535349325197 -182.046 -344.171 99.5747
1535349325217 -188.855 -346.867 98.2707
1535349325237 -201.792 -345.758 97.2266
1535349325247 -206.246 -346.968 96.3737
1535349325317 -231.121 -356.525 85.7157
1535349325337 -237.483 -360.573 81.6771
1535349325357 -245.578 -361.931 77.8163
1535349325377 -249.453 -368.025 72.5829
1535349325397 -257.568 -368.834 67.5883
1535349325417 -259.079 -377.959 60.4482
1535349325437 -261.664 -384.992 53.1437
1535349325457 -260.751 -395.761 43.9973
