0.8 0 0 0
1535353355090 2036.41 2.54972 110.392
1535353355100 2025.66 1.98292 115.384
1535353355120 2015.07 0.848353 124.695
1535353355130 1977.76 0.665926 130.021
1535353355150 1940.8 -0.0514413 139.612
1535353355170 1904.82 -1.49616 149.063
1535353355190 1886.88 -2.57086 157.057
1535353355200 1848.22 -2.49229 161.196
1535353355220 1849.92 -3.9956 168.887
1535353355240 1806.85 -4.80312 176.283
1535353355250 1767.61 -5.29402 180.133
1535353355270 1712.62 -5.82207 187.4
1535353355290 1687 -7.58455 194.275
1535353355300 1703.53 -7.42605 197.209
1535353355320 1659.1 -8.18961 202.361
1535353355330 1635.36 -8.6218 205.449
1535353355340 1614.76 -9.44634 207.634
1535353355360 1587.06 -9.7245 212.127
1535353355370 1567.2 -11.3371 214.325
1535353355380 1547.12 -10.7596 216.696
1535353355390 1531.97 -11.7371 219.19
1535353355410 1514.15 -12.5184 222.847
1535353355420 1478.27 -12.7528 224.517
1535353355430 1465.18 -13.9442 226.067
1535353355450 1437.21 -14.2382 229.099
1535353355460 1436.71 -14.3691 230.671
1535353355480 1394.5 -15.6159 232.627
1535353355490 1379.82 -15.9148 233.148
1535353355510 1346.14 -17.211 235.221
1535353355520 1333.82 -17.4678 236.181
1535353355540 1292.99 -18.1545 237.118
1535353355550 1281.01 -18.2457 237.755
1535353355560 1263.66 -18.8305 237.819
1535353355580 1270.58 -19.8465 239.038
1535353355590 1226.99 -20.2827 238.704
1535353355610 1193.11 -21.0176 238.155
1535353355620 1165.64 -20.7866 237.571
1535353355640 1153.46 -21.9011 237.253
1535353355650 1120.77 -22.1494 236.224
1535353355670 1110.24 -23.1079 235.042
1535353355680 1076.91 -23.3997 233.772
1535353355700 1044.01 -23.6617 232.156
1535353355710 1046.61 -24.1824 231.154
1535353355720 1020.01 -24.4545 229.975
1535353355740 1004.66 -25.1432 227.813
1535353355750 989.59 -25.5156 226.087
1535353355760 980.727 -25.5826 224.664
1535353355780 931.276 -25.7878 220.828
1535353355790 933.998 -26.2033 219.218
1535353355810 894.229 -26.8946 215.125
1535353355830 868.027 -27.4059 210.592
1535353355840 848.87 -27.8145 208.164
1535353355850 828.823 -27.4163 205.694
1535353355870 799.768 -27.9516 200.802
1535353355880 801.265 -28.6477 198.597
1535353355890 784.07 -28.739 195.519
1535353355910 747.393 -29.4136 189.087
1535353355920 743.77 -30.1593 186.239
1535353355940 712.915 -30.4494 179.459
1535353355950 703.107 -30.8978 176.052
1535353355970 661.662 -30.9326 169.417
1535353355980 660.672 -31.793 165.865
1535353356000 637.524 -32.6616 158.215
1535353356010 622.35 -32.9341 154.321
1535353356030 583.292 -33.0659 146.633
1535353356040 572.618 -33.4288 142.07
1535353356050 558.715 -33.8165 137.73
1535353356060 551.868 -34.7062 134.205
1535353356090 508.914 -35.1711 121.084
1535353356100 489.487 -34.7676 116.529
1535353356120 479.107 -36.1927 105.563
1535353356140 446.623 -36.5412 95.7827
1535353356150 422.202 -36.2152 91.7159
1535353356160 415.081 -36.6266 85.7922
1535353356180 387.101 -37.057 75.048
1535353356200 362.264 -38.3694 64.5151
