0.8 0 0 0
1535348477413 2011.97 -9.53658 105.013
1535348477423 1970.84 -7.29693 111.243
1535348477443 1929.34 -3.53122 121.331
1535348477463 1916.26 -0.277225 128.867
1535348477483 1867.95 3.64904 138.424
1535348477493 1855.47 5.16182 141.94
1535348477513 1818.23 8.46125 150.006
1535348477533 1798.31 11.9654 156.699
1535348477553 1736.25 15.6667 164.379
1535348477573 1717.29 18.9056 171.126
1535348477583 1715.04 20.983 173.69
1535348477603 1661.04 24.2506 179.595
1535348477623 1657.35 28.2538 184.134
1535348477633 1601.74 29.9132 187.121
1535348477653 1558.33 32.6809 191.458
1535348477663 1533.52 34.3592 193.959
1535348477683 1541.24 38.6185 197.977
1535348477703 1510.05 42.0274 201.717
1535348477713 1489.48 43.4504 202.694
1535348477733 1464.3 47.2215 206.11
1535348477743 1438.31 48.5437 207.054
1535348477753 1421.19 50.0936 208.505
1535348477773 1381.81 53.1979 210.653
1535348477783 1357.03 54.5779 211.116
1535348477803 1342.4 58.632 212.738
1535348477813 1320.37 59.979 213.479
1535348477833 1301.29 63.9397 214.185
1535348477843 1291.04 65.8376 214.44
1535348477863 1276.33 69.7463 214.098
1535348477883 1231.6 72.2855 214.507
1535348477893 1217.52 74.2051 214.179
1535348477903 1183.96 75.3063 213.639
1535348477923 1156.35 78.5261 212.622
1535348477943 1131.29 82.138 211.915
1535348477963 1089.63 84.6758 209.725
1535348477973 1077.72 86.5227 208.985
1535348477983 1061.44 87.7024 207.743
1535348478003 1040.65 91.4146 205.472
1535348478013 1027.63 93.7939 204.206
1535348478033 985.661 95.7612 201.13
1535348478043 987.711 98.2916 199.541
1535348478053 975.918 100.589 197.83
1535348478073 946.354 103.554 194.217
1535348478083 922.503 104.409 192.298
1535348478103 893.501 107.572 188.145
1535348478113 882.296 109.313 185.92
1535348478133 853 112.665 180.979
1535348478143 841.569 114.247 178.586
1535348478153 818.733 114.906 176.07
1535348478173 799.284 118.922 170.123
1535348478193 762.624 121.348 164.246
1535348478203 756.486 124.091 160.887
1535348478223 723.141 126.115 154.707
1535348478233 721.385 128.837 151.025
1535348478243 711.858 130.719 147.595
1535348478263 672.767 132.911 140.277
1535348478283 634.625 135.441 133.547
1535348478293 629.954 137.64 129.264
1535348478313 606.569 140.693 121.095
1535348478323 589.085 142.168 117.492
1535348478343 551.182 144.059 109.584
1535348478363 533.952 147.843 100.329
1535348478373 519.868 149.257 95.8344
1535348478393 496.564 152.769 85.9003
1535348478403 477.295 153.651 81.2896
1535348478423 456.754 157.296 70.9841
1535348478433 436.441 158.427 66.3102
1535348478454 409.428 160.936 56.153
1535348478673 208.845 181.886 60.298
1535348478693 207.735 188.219 64.2314
1535348478713 184.525 186.678 72.5373
1535348478733 172.713 188.915 78.1281
1535348478743 170.115 190.192 80.7854
1535348478763 149.914 190.082 86.8725
1535348478783 139.438 191.304 91.8994
1535348478803 114.589 190.596 97.6937
1535348478823 98.9673 191.192 101.629
1535348478833 109.61 194.553 102.233
1535348478853 93.3914 196.119 105.873
1535348478873 72.8431 195.972 109.483
1535348478883 78.6183 199.884 109.979
1535348478903 63.1897 199.445 112.956
1535348478923 49.9284 200.192 115.02
1535348478933 42.2387 200.863 116.123
1535348478953 38.9304 205.221 116.571
1535348478973 14.1234 202.843 118.457
1535348478983 -5.33615 199.802 119.794
1535348479003 -0.388438 205.489 118.695
1535348479013 3.38911 208.845 117.883
1535348479033 -33.8545 203.262 119.58
1535348479043 -23.9332 208.281 118.349
1535348479063 -47.9328 205.384 118.071
1535348479083 -66.7606 203.919 117.166
1535348479123 -97.3251 202.943 114.876
1535348479263 -161.443 219.889 86.9358
1535348479283 -170.17 222.09 81.549
1535348479423 -254.565 229.027 33.4344
1535348479443 -264.723 230.963 24.5584
1535348479463 -280.481 229.623 17.6796
1535348479613 -361.474 239.241 43.0095
1535348479633 -372.911 239.831 48.8152
