0.8 0 0 0
1535353362729 1762.7 -14.5265 131.495
1535353362749 1753.32 -12.842 137.101
1535353362769 1715.3 -11.5996 143.163
1535353362799 1672.89 -9.45398 150.026
1535353362819 1639.6 -7.98863 153.941
1535353362839 1599.2 -6.88513 157.52
1535353362860 1571.27 -4.99418 161.2
1535353362889 1537.94 -3.07642 165.631
1535353362909 1501.95 -1.90357 167.503
1535353362929 1462.04 -0.914733 170.222
1535353362949 1445.7 0.284343 171.787
1535353362969 1413.42 1.44154 172.531
1535353362989 1380.95 3.32506 173.558
1535353363009 1360.3 4.33283 173.866
1535353363019 1333.07 4.67649 174.197
1535353363039 1331.71 6.44879 173.254
1535353363049 1313.63 7.14769 173.382
1535353363069 1290.32 7.97882 172.4
1535353363089 1249.84 8.93052 171.337
1535353363109 1227.84 10.0975 169.716
1535353363119 1204.79 10.6971 168.79
1535353363129 1184.82 11.1116 168.424
1535353363149 1153.78 12.3737 165.982
1535353363169 1125.47 14.0349 163.516
1535353363179 1110.12 14.2298 162.048
1535353363199 1096.91 15.3503 158.259
1535353363209 1082.82 15.8356 156.549
1535353363229 1059.06 16.6771 152.989
1535353363239 1038.36 17.3536 151.402
1535353363259 1011.58 18.4619 146.664
1535353363279 1004.45 19.8246 141.677
1535353363289 972.952 20.1889 139.735
1535353363309 959.334 21.3083 133.789
1535353363319 943.652 22.253 131.34
1535353363339 925.04 22.9484 125.128
1535353363349 914.37 23.2679 122.046
1535353363369 860.62 24.1579 117.528
1535353363379 857.058 23.8362 113.368
1535353363399 833.079 25.1015 107.22
1535353363409 794.588 25.4858 105.514
1535353363429 788.979 26.913 96.7066
1535353363439 773.752 27.6099 93.1206
1535353363459 750.777 27.8397 85.002
1535353363479 733.604 28.9593 76.0966
1535353363490 729.507 29.3196 71.2462
1535353363509 692.6 30.4685 63.6873
1535353363519 683.492 30.9724 58.3173
1535353363539 650.599 31.8594 49.8983
1535353363559 640.849 33.1214 38.6138
1535353363579 603.591 34.0833 30.095
1535353363589 590.01 33.8665 25.1343
1535353363609 568.682 34.5862 14.0065
1535353363629 541.129 36.1371 5.99248
1535353363639 539.075 35.9682 10.6694
1535353363649 527.143 35.8645 15.4607
1535353363679 515.824 37.0911 25.0063
1535353363689 501.924 37.4014 29.8061
1535353363719 475.995 37.9803 40.8721
1535353363729 466.887 38.1581 44.0572
1535353363749 451.59 38.6122 50.8742
1535353363769 429.61 39.045 57.5147
1535353363789 419.05 39.3512 62.06
1535353363809 397.51 40.2813 67.2883
1535353363819 392.599 40.4705 69.1463
1535353363839 371.385 40.7901 74.5207
1535353363859 357.263 41.4011 78.0259
1535353363879 345.033 41.8975 81.0647
1535353363889 336.242 42.4073 82.9185
1535353363909 321.586 42.4945 85.4441
1535353363929 305.503 43.1659 87.8809
1535353363949 290.425 43.3224 89.8187
1535353363969 269.948 43.5652 91.6684
1535353363979 266.795 44.2294 91.8476
1535353363999 250.129 43.6344 94.0543
1535353364009 239.533 43.7363 94.3581
