0.8 0 0 0
1535353495722 2044.91 7.56599 102.074
1535353495732 2001.03 7.93864 108.278
1535353495752 1974.03 8.43423 118.004
1535353495782 1936.22 9.32697 130.969
1535353495792 1925.44 9.68663 134.466
1535353495812 1913.63 9.75139 142.7
1535353495832 1840.69 10.3902 151.274
1535353495852 1812.27 10.8749 158.36
1535353495862 1787.22 11.202 162.173
1535353495882 1770.7 11.7607 168.371
1535353495892 1751.8 11.0795 171.574
1535353495912 1710.5 11.5216 177.157
1535353495932 1701.17 11.7302 182.764
1535353495942 1641.66 11.6845 185.564
1535353495952 1663.72 12.2654 188.36
1535353495962 1642.53 11.8716 191.125
1535353495982 1628.93 12.5182 195.888
1535353495992 1618.83 13.1094 197.921
1535353496012 1551.61 12.9913 201.08
1535353496023 1541.12 12.985 203.421
1535353496032 1526.89 13.0591 205.119
1535353496042 1493.2 13.3635 206.866
1535353496062 1458.92 12.9856 209.226
1535353496072 1467.61 13.6781 210.767
1535353496082 1422.53 13.4208 211.52
1535353496102 1423.46 14.4214 213.57
1535353496112 1386.22 14.204 214.19
1535353496122 1377.47 14.409 215.787
1535353496132 1368.91 14.5845 216.636
1535353496152 1317.19 14.6122 217.277
1535353496162 1306.69 14.7282 217.668
1535353496172 1295.31 14.7493 217.67
1535353496192 1266.12 15.2758 218.105
1535353496202 1260.57 14.9454 218.225
1535353496212 1219.86 15.0447 217.908
1535353496232 1212.79 15.3275 217.601
1535353496242 1175.03 15.2118 216.733
1535353496252 1153.53 15.2072 215.833
1535353496262 1142.4 15.8379 215.165
1535353496282 1112.51 15.7138 213.315
1535353496292 1098.76 15.4569 212.555
1535353496312 1066.19 15.6866 210.454
1535353496322 1068.47 15.8622 209.442
1535353496332 1052.39 15.4015 207.983
1535353496352 1016.85 15.5387 205.013
1535353496362 1001.48 15.3223 203.555
1535353496372 996.072 15.3303 201.824
1535353496392 969.023 15.5272 198.815
1535353496412 929.228 14.7162 194.456
1535353496422 937.217 15.447 192.236
1535353496432 909.042 15.6603 190.003
1535353496452 876.7 15.789 184.958
1535353496462 871.439 15.6556 182.485
1535353496482 841.008 15.8128 176.724
1535353496492 827.497 16.0121 173.929
1535353496502 817.461 15.968 170.737
1535353496522 794.866 16.5847 165.025
1535353496532 784.12 16.5289 162.012
1535353496542 763.798 16.2261 158.781
1535353496562 727.952 16.3746 152.207
1535353496572 715.794 16.3302 148.511
1535353496582 706.921 16.9238 145.009
1535353496592 693.871 17.1944 141.24
1535353496602 677.023 16.9705 137.141
1535353496622 646.027 17.0386 130.104
1535353496632 626.681 16.7247 125.987
1535353496652 614.527 17.5902 117.253
1535353496662 609.702 17.7702 112.266
1535353496682 569.01 17.2535 104.63
1535353496692 555.496 17.5587 100.23
1535353496702 541.989 18.1973 95.0069
1535353496722 505.21 17.5245 86.2834
1535353496742 492.972 17.9593 74.186
1535353496752 475.54 17.9966 69.8306
1535353496943 311.179 39.3932 40.2099
