0.8 0 0 0
1535348044786 2043.23 -27.3149 105.673
1535348044806 2007.33 -28.8514 116.739
1535348044826 1989.69 -30.5152 126.075
1535348044846 1944.61 -31.0796 135.249
1535348044856 1933.83 -31.8183 140.137
1535348044876 1888.46 -33.547 149.014
1535348044886 1880.75 -34.0529 152.674
1535348044896 1872.59 -34.6468 156.247
1535348044916 1819.11 -35.9042 164.147
1535348044936 1818.52 -38.3537 171.505
1535348044966 1739.89 -39.4485 182.573
1535348044976 1734.24 -40.6066 184.452
1535348044996 1676.12 -40.7479 191.622
1535348045006 1675.96 -42.0897 193.87
1535348045016 1684.7 -43.5787 196.061
1535348045026 1657.32 -44.0881 198.637
1535348045046 1612.03 -44.9358 203.514
1535348045056 1608.16 -46.1549 205.741
1535348045076 1564.31 -46.7918 209.718
1535348045086 1558.25 -47.6597 211.889
1535348045096 1527.27 -47.9854 213.364
1535348045116 1492.83 -48.9909 216.567
1535348045126 1482.94 -50.6934 218.215
1535348045136 1461.77 -50.4969 219.578
1535348045156 1433.37 -52.3366 222.136
1535348045166 1421.64 -52.6472 223.057
1535348045176 1402.35 -53.5308 224.063
1535348045196 1382.35 -55.3502 226.036
1535348045206 1324.64 -54.4928 225.927
1535348045216 1357.07 -56.5228 227.276
1535348045236 1317.43 -57.168 227.792
1535348045246 1298.29 -58.1442 228.05
1535348045256 1278.11 -58.4773 228.266
1535348045266 1254.24 -59.0738 228.327
1535348045286 1248.34 -60.6619 228.303
1535348045296 1206.93 -60.6914 227.64
1535348045306 1200.47 -61.4291 227.526
1535348045326 1180.46 -63.2831 226.913
1535348045336 1160.57 -64.0391 226
1535348045346 1140.28 -64.1769 225.176
1535348045356 1110.35 -64.4797 223.53
1535348045376 1100.3 -66.5867 222.45
1535348045386 1082.8 -66.3433 221.457
1535348045396 1078.32 -67.6435 220.219
1535348045416 1044.74 -68.6776 217.488
1535348045426 1030.75 -69.4788 215.827
1535348045446 1005.97 -70.9467 212.406
1535348045456 979.413 -71.1392 210.626
1535348045476 969.788 -73.6938 206.817
1535348045486 934.09 -72.9542 205.012
1535348045496 913.602 -72.8785 202.76
1535348045516 888.787 -74.4831 198.488
1535348045526 883.649 -75.3032 196.201
1535348045546 850.274 -76.5351 191.283
1535348045556 837.339 -77.1562 188.259
1535348045576 812.204 -78.4431 182.873
1535348045586 798.124 -79.0775 179.912
1535348045596 789.684 -80.2676 176.661
1535348045616 753.983 -80.8517 170.621
1535348045626 740.477 -81.5444 167.167
1535348045646 709.523 -82.4158 160.567
1535348045657 699.388 -83.3237 156.859
1535348045676 668.753 -84.4625 149.476
1535348045686 658.058 -85.4641 145.474
1535348045696 637.238 -85.4118 141.639
1535348045716 620.467 -87.0504 133.437
1535348045726 620.678 -88.3874 128.516
1535348045746 593.808 -89.6633 119.661
1535348045756 568.722 -89.5884 116.394
1535348045766 560.74 -91.042 111.589
1535348045786 525.839 -90.7698 102.886
1535348045796 512.59 -91.9015 97.999
1535348045816 496.48 -94.3041 87.1333
1535348045826 477.338 -93.9224 82.4919
1535348045846 455.221 -95.8646 71.5597
1535348045856 438.84 -95.9616 66.3666
