0.8 0 0 0
1535353377729 1925.45 -38.2899 129.937
1535353377748 1878.08 -37.0558 139.229
1535353377768 1867.56 -38.0019 147.599
1535353377788 1845.83 -37.602 153.879
1535353377808 1857.98 -37.7341 160.883
1535353377848 1763.99 -37.0436 174.305
1535353377888 1688.08 -35.2304 186.392
1535353377908 1655.63 -35.006 192.163
1535353377928 1615.22 -34.0255 197.076
1535353377948 1584.24 -34.149 201.059
1535353377968 1568.4 -34.2195 204.977
1535353377980 1522.48 -32.9572 206.897
1535353377998 1502.68 -33.0322 209.418
1535353378019 1473.19 -33.0268 212.936
1535353378028 1465.11 -32.823 213.896
1535353378048 1434.15 -32.8731 216.912
1535353378068 1413.56 -33.1055 219.014
1535353378078 1397.53 -32.6444 220.108
1535353378088 1375.77 -32.6706 220.844
1535353378098 1354.13 -32.3122 221.218
1535353378108 1319.33 -31.8316 221.654
1535353378128 1316 -32.3386 222.934
1535353378148 1284.23 -31.8203 222.989
1535353378158 1275.34 -32.1952 223.626
1535353378168 1261.09 -32.2972 223.574
1535353378188 1223.45 -31.7014 223.444
1535353378208 1175.73 -31.0477 222.163
1535353378219 1170.63 -31.0651 221.446
1535353378239 1145.95 -31.668 220.558
1535353378248 1133.04 -31.4399 220.052
1535353378268 1104.11 -31.3867 217.894
1535353378279 1082.45 -30.7574 216.769
1535353378289 1082.16 -31.1061 215.615
1535353378308 1050.03 -30.846 212.67
1535353378328 1023.31 -30.6482 209.547
1535353378338 1003.28 -30.6115 207.953
1535353378358 980.837 -30.552 204.393
1535353378369 970.28 -30.6772 202.813
1535353378388 936.627 -30.5204 198.717
1535353378399 930.032 -30.7274 196.02
1535353378408 911.199 -30.7808 194.17
1535353378428 880.655 -30.6685 188.681
1535353378448 853.443 -30.6429 183.174
1535353378458 845.609 -30.8865 180.486
1535353378478 827.786 -31.2501 174.3
1535353378498 781.546 -30.8866 168.952
1535353378509 771.274 -31.2261 165.429
1535353378528 750.023 -31.3129 158.33
1535353378538 733.731 -31.2325 155.055
1535353378558 709.134 -31.2493 147.399
1535353378598 705.003 -35.1121 128.221
1535353378638 620.651 -33.092 113.949
1535353378648 584.52 -31.3897 111.024
1535353378668 572.67 -32.4907 100.796
1535353378679 561.361 -32.2248 95.8029
1535353378698 530.523 -32.6754 86.3248
1535353378708 513.269 -32.4468 81.32
1535353378728 493.359 -33.0347 70.1311
1535353378738 476.943 -32.9134 65.2037
1535353378758 457.989 -32.933 53.5232
1535353378778 439.368 -33.493 41.8424
1535353378788 417.249 -33.4513 37.0434
1535353378829 375.797 -33.6848 12.2311
1535353378838 352.962 -33.3587 7.9011
1535353378858 333.669 -33.5044 12.1769
1535353378868 338.365 -33.5234 15.2122
1535353378888 318.101 -33.9033 26.6478
1535353378958 277.511 -34.7334 56.7363
1535353378978 260.971 -34.7418 64.9293
1535353378998 252.546 -34.8968 71.8178
1535353379018 236.215 -33.2783 78.3289
1535353379038 229.895 -33.7697 84.0962
1535353379058 206.05 -33.3163 91.4861
1535353379079 200.498 -33.5064 96.4959
1535353379088 190.204 -33.6872 99.2064
1535353379108 183.349 -34.1938 103.681
1535353379118 170.663 -33.7967 106.554
1535353379138 163.97 -34.2379 110.298
1535353379158 149.335 -36.0869 115.801
1535353379178 136.805 -36.3186 119.024
1535353379198 122.516 -36.4833 122.32
1535353379208 113.407 -36.4524 124.048
1535353379228 103.627 -36.8226 126.308
1535353379238 96.3008 -36.5974 127.395
1535353379258 83.325 -36.8462 129.22
1535353379269 75.6914 -36.7187 130.191
1535353379288 69.3262 -37.9042 130.957
1535353379308 54.3633 -37.5617 132.058
1535353379318 51.3557 -37.9995 131.683
1535353379339 36.8877 -37.9921 131.869
1535353379358 26.1928 -38.248 131.462
1535353379368 16.16 -37.981 131.434
1535353379378 9.8387 -38.3312 131.098
