0.8 0 0 0
1535347524144 1810.3 68.705 128.43
1535347524164 1772.8 69.5095 134.441
1535347524184 1737.66 71.4604 138.699
1535347524194 1734.46 72.1639 140.649
1535347524214 1720.3 73.6289 144.913
1535347524234 1648.51 73.9289 149.341
1535347524254 1632.78 75.5376 152.967
1535347524274 1619.98 77.1176 155.412
1535347524284 1593.64 77.4541 157.723
1535347524304 1578.5 78.9243 159.233
1535347524324 1552.5 80.4794 161.216
1535347524344 1538.2 82.0751 163.198
1535347524354 1501.32 81.3606 163.867
1535347524374 1486.64 83.0691 164.682
1535347524394 1445.26 83.9566 165.423
1535347524414 1424.92 84.7782 165.695
1535347524424 1416.73 85.7527 165.522
1535347524444 1379.26 86.7884 165.21
1535347524464 1349.81 87.2458 164.076
1535347524484 1326.53 88.3516 162.818
1535347524495 1308.47 88.2993 162.258
1535347524514 1307.29 90.7706 160.126
1535347524534 1265.95 91.0209 158.527
1535347524554 1240.48 91.9427 155.565
1535347524574 1212.7 92.8767 152.348
1535347524584 1191.39 92.6028 151.236
1535347524604 1177.76 93.9046 146.932
1535347524614 1144.26 93.3788 145.651
1535347524634 1123.89 94.4339 141.764
1535347524654 1083.81 94.6696 137.678
1535347524674 1086.67 97.1964 131.843
1535347524684 1077.89 98.1023 129.086
1535347524724 1011.27 98.4816 118.113
1535347524734 1000.33 98.404 115.211
1535347524755 974.037 99.5534 108.742
1535347524774 937.056 99.9036 103.041
1535347524794 923.364 101.108 96.2584
1535347524814 888.788 101.66 89.194
1535347524824 904.826 103.171 83.3485
1535347524844 900.097 105.665 74.031
1535347524864 838.21 103.971 68.9273
1535347524884 812.096 104.342 60.4401
1535347524894 801.088 105.288 56.1965
1535347524915 763.268 105.488 48.1688
1535347524934 756.732 107.445 36.7467
1535347524954 728.392 108.04 27.7793
1535347524974 703.234 108.342 17.6201
1535347524984 696.866 109.302 11.6675
1535347525004 678.657 109.659 7.22693
1535347525024 663.487 109.824 17.0579
1535347525044 658.11 111.457 24.1211
1535347525064 641.702 111.447 32.4258
1535347525084 621.66 111.322 40.6116
1535347525104 622.258 112.526 45.9862
1535347525114 605.751 112.206 50.3946
1535347525134 595.898 112.556 56.2868
1535347525154 586.231 113.454 61.8889
1535347525164 573.644 113.069 65.1106
1535347525184 563.346 113.766 70.4005
1535347525204 544.631 113.951 75.5875
1535347525224 533.114 113.923 79.6499
1535347525244 524.724 114.918 83.2199
1535347525264 510.561 114.88 86.6718
1535347525274 507.566 115.552 88.0159
1535347525294 492.417 115.704 90.924
1535347525314 490.193 116.889 92.4071
1535347525334 471.494 117.073 95.0331
1535347525354 464.762 118.18 95.9397
1535347525374 445.869 117.644 97.4829
1535347525384 445.335 118.79 97.5888
1535347525404 420.829 117.663 98.873
1535347525424 415.456 118.873 98.1827
1535347525444 404.6 119.544 97.7519
1535347525464 396.287 120.274 96.6374
1535347525484 371.606 119.617 96.358
1535347525494 367.59 118.608 96.116
1535347525514 356.452 119.815 94.727
1535347525535 345.585 120.013 92.2988
