0.8 0 0 0
1535353610396 2036.28 -208.671 114.268
1535353610416 2008.89 -205.018 121.185
1535353610436 1975.68 -200.593 128.715
1535353610456 1925.11 -194.787 136.05
1535353610476 1928.71 -194.006 141.372
1535353610496 1879.76 -188.113 147.961
1535353610516 1833.98 -182.655 153.789
1535353610536 1814.45 -180.239 158.531
1535353610546 1791.33 -177.087 160.965
1535353610566 1741.82 -171.858 165.608
1535353610586 1696.61 -166.761 169.902
1535353610606 1670.08 -162.751 173.375
1535353610626 1650.12 -160.419 176.462
1535353610646 1629.04 -156.571 179.033
1535353610656 1604.86 -154.291 180.483
1535353610676 1580.91 -150.695 182.384
1535353610686 1546.6 -147.509 184.074
1535353610706 1530.29 -144.209 185.505
1535353610726 1486.72 -140.138 186.768
1535353610736 1469.14 -138.067 187.15
1535353610746 1456.48 -136.791 187.544
1535353610766 1438.94 -133.496 187.596
1535353610776 1412.67 -131.06 187.373
1535353610796 1400.66 -128.332 187.647
1535353610806 1349.83 -123.806 187.668
1535353610816 1353.19 -123.461 187.231
1535353610836 1320.88 -120.112 186.113
1535353610856 1293.38 -116.672 184.772
1535353610866 1256.73 -113.144 183.702
1535353610886 1239.66 -110.611 181.648
1535353610896 1241.83 -110.201 180.596
1535353610916 1197.87 -105.626 177.883
1535353610936 1181.53 -102.893 174.818
1535353610946 1156.79 -100.571 173.542
1535353610966 1125.75 -97.2666 169.813
1535353610986 1079.95 -92.4612 166.069
1535353610996 1085.35 -92.261 163.755
1535353611016 1061.22 -89.28 159.486
1535353611026 1049.74 -87.8837 156.941
1535353611036 1015.62 -85.2132 155.013
1535353611056 992.17 -81.8885 149.479
1535353611066 973.362 -80.3146 147.071
1535353611086 942.245 -77.1154 141.693
1535353611096 954.291 -77.297 138.012
1535353611116 910.148 -72.6131 132.302
1535353611126 898.632 -71.7009 128.89
1535353611146 889.592 -69.0788 120.97
1535353611166 839.109 -64.8606 115.096
1535353611186 825.287 -62.741 107.358
1535353611206 804.076 -60.0823 99.0111
1535353611216 772.703 -57.68 96.1838
1535353611226 769.775 -56.9943 91.4136
1535353611246 739.227 -53.7108 83.0539
1535353611266 706.047 -50.4762 74.416
1535353611276 693.646 -48.6164 69.6744
1535353611286 688.227 -48.0012 64.2999
1535353611306 654.773 -44.8869 54.737
1535353611326 628.841 -42.0456 44.6565
1535353611336 621.738 -40.9411 39.0058
1535353611356 586.943 -37.7871 29.3358
1535353611376 561.149 -34.5677 18.7789
1535353611396 538.322 -32.3622 4.91985
1535353611416 530.198 -31.3344 9.3154
1535353611426 514.87 -30.1877 15.543
1535353611446 497.004 -29.0679 25.1089
1535353611526 444.337 -23.9718 56.1717
1535353611546 432.021 -22.7447 62.8153
1535353611566 413.059 -21.8408 69.7422
1535353611586 400.521 -20.3295 75.8585
1535353611606 391.595 -19.4534 80.6518
1535353611616 383.308 -18.9222 83.2818
1535353611636 368.918 -17.4836 88.4485
1535353611656 350.569 -16.0067 93.1124
1535353611676 352.953 -15.3023 94.7029
1535353611686 334.101 -13.9991 97.3813
1535353611706 322.307 -12.4791 100.729
1535353611726 307.442 -11.052 103.861
1535353611746 295.976 -10.2493 106.147
1535353611766 280.734 -8.80793 108.528
1535353611786 266.769 -7.86978 109.96
1535353611796 254.293 -7.0326 111.056
1535353611816 244.261 -5.94913 111.729
1535353611826 237.381 -5.00905 112.421
1535353611846 224.372 -4.43771 112.419
1535353611866 209.072 -2.48253 112.147
