0.8 0 0 0
1535350418388 1838.31 32.5873 156.703
1535350418398 1816.63 32.6575 160.222
1535350418418 1782.35 33.4356 167.466
1535350418438 1740.32 34.4235 173.992
1535350418448 1768.57 35.2776 176.272
1535350418468 1714.54 35.4973 181.734
1535350418488 1684.64 36.3227 187.181
1535350418498 1669.63 36.5367 189.811
1535350418518 1663.26 38.5381 194.835
1535350418538 1601.24 38.2525 198.701
1535350418558 1565.57 38.8426 202.497
1535350418578 1529.93 39.5996 206.307
1535350418598 1502.71 40.0847 209.016
1535350418608 1482.95 40.6144 210.209
1535350418628 1451.49 41.4791 213.074
1535350418648 1417.11 42.0895 214.923
1535350418658 1395.5 42.5169 215.972
1535350418678 1362.06 42.7644 217.333
1535350418688 1350.36 43.1993 217.96
1535350418708 1319.42 44.0282 218.1
1535350418728 1288.11 44.7602 219.079
1535350418738 1286.24 45.5358 219.302
1535350418758 1251.58 46.0555 218.95
1535350418768 1245.1 46.6134 219.078
1535350418788 1206.36 47.2701 218.412
1535350418798 1196.43 47.8186 218.311
1535350418818 1158.47 47.9872 216.76
1535350418828 1142.37 48.5859 215.979
1535350418848 1104.94 48.8809 214.137
1535350418868 1090.18 49.7972 211.857
1535350418878 1049.24 49.1619 210.4
1535350418888 1039.68 49.3964 209.466
1535350418908 1023.16 50.7202 206.086
1535350418918 1002.42 50.8287 204.935
1535350418938 969.689 51.222 201.14
1535350418948 962.361 51.6957 199.392
1535350418968 949.435 53.5301 195.114
1535350418978 912.999 52.5309 193.131
1535350418998 887.155 52.7834 188.467
1535350419008 875.835 53.3228 186.191
1535350419018 851.23 53.0606 182.828
1535350419038 830.2 53.9391 177.308
1535350419048 815.428 54.5394 174.62
1535350419068 787.668 55.0051 168.724
1535350419078 771.829 55.1928 165.541
1535350419098 739.605 55.4864 159.484
1535350419118 714.532 55.8968 152.698
1535350419128 702.64 56.8588 148.817
1535350419148 680.497 57.64 141.345
1535350419158 659.467 57.3102 137.924
1535350419178 637.186 58.0865 130.635
1535350419188 617.012 58.2685 126.401
1535350419208 594.721 58.6814 118.577
1535350419218 578.278 58.8886 114.408
1535350419238 564.012 60.4514 104.314
1535350419258 513.058 59.6505 97.3816
1535350419268 514.495 60.423 91.1498
1535350419288 480.09 60.1981 81.9709
1535350419298 476.122 61.2934 76.3667
1535350419318 443.2 61.0307 66.6606
1535350419518 239.725 65.2289 45.3459
1535350419538 233.639 67.684 50.8967
1535350419558 219.817 68.5287 57.5498
1535350419578 203.555 68.247 65.1429
1535350419588 193.154 68.2915 69.1964
1535350419608 182.727 69.0866 74.7988
1535350419618 166.932 68.8727 79.0232
1535350419638 155.398 69.2748 84.2207
1535350419648 151.553 69.0292 86.3848
1535350419668 138.178 69.9232 90.9453
1535350419678 133.906 70.0003 92.9937
1535350419698 124.992 70.3324 96.9206
1535350419718 112.999 71.0758 101.044
1535350419728 100.464 71.0896 103.251
1535350419738 90.1353 71.3136 104.95
1535350419758 78.0262 71.4027 107.86
1535350419778 58.5335 71.8982 110.998
1535350419788 58.8841 71.7722 111.677
1535350419808 47.51 72.0163 113.426
1535350419818 40.6077 72.3534 114.473
1535350419838 30.5021 73.0343 114.792
1535350419848 14.2227 72.8664 116.228
1535350419868 2.90418 73.6915 116.48
1535350419878 6.63484 73.8361 116.252
1535350419899 -14.1115 73.7692 116.793
1535350419918 -24.5925 74.2811 116.57
1535350419928 -27.3164 74.4673 116.05
1535350419948 -42.945 74.4374 115.351
1535350419958 -39.4785 74.5313 113.478
1535350419978 -54.9765 75.2475 112.208
1535350419988 -62.8835 74.7144 111.349
1535350420008 -71.1221 75.6263 108.822
1535350420018 -80.2136 75.2888 107.737
1535350420028 -89.8531 75.5118 106.897
1535350420048 -100.651 75.4588 103.593
1535350420058 -105.219 75.7882 101.703
1535350420078 -119.387 75.8968 98.3022
1535350420088 -124.607 76.2086 96.5325
1535350420108 -138.869 75.2715 92.5727
1535350420118 -139.162 76.7569 89.2729
1535350420138 -153.357 76.8921 84.961
1535350420148 -161.283 76.7156 82.6303
1535350420168 -173.739 76.8898 77.151
1535350420178 -178.459 77.0258 74.6296
1535350420198 -193.277 77.1673 69.3874
1535350420218 -204.36 77.7021 62.7305
1535350420228 -207.914 77.8733 57.9837
1535350420248 -220.373 77.8872 51.4339
1535350420268 -232.175 78.2559 44.4633
1535350420278 -237.865 78.2684 40.3817
1535350420298 -249.177 78.7316 32.3625
1535350420308 -255.78 78.7413 28.3158
1535350420328 -266.823 79.0109 19.5836
1535350420348 -280.548 85.74 -0.401091
1535350420368 -291.618 79.3764 2.64746
1535350420398 -312.859 88.6245 0.579935
1535350420418 -320.463 79.4172 20.8749
1535350420438 -331.519 79.4514 26.553
1535350420458 -344.066 79.2656 32.3593
1535350420468 -349.994 79.4296 35.0757
1535350420489 -361.583 79.5204 39.8888
1535350420508 -372.748 79.6772 43.9317
1535350420528 -385.216 79.5799 48.4885
1535350420548 -396.978 79.6002 51.967
1535350420568 -409.018 79.4637 55.4343
1535350420588 -420.901 79.5586 58.3314
1535350420608 -432.265 79.6527 60.5937
1535350420628 -443.931 79.6334 62.405
1535350420658 -461.253 79.6025 64.8179
1535350420688 -478.534 79.6421 66.1659
