0.8 0 0 0
1535350412328 2087.62 27.0942 96.8277
1535350412348 2101.74 28.3258 104.961
1535350412358 2053.45 28.2455 111.071
1535350412378 2027.56 29.8809 120.2
1535350412398 1996.81 30.1862 130.431
1535350412408 1984.62 30.8304 134.537
1535350412488 1824.26 34.7504 167.892
1535350412508 1794.67 36.2644 174.742
1535350412528 1758.87 36.996 181.466
1535350412538 1734.86 37.3267 185.054
1535350412558 1711.34 38.664 191.233
1535350412579 1686.79 39.2171 196.612
1535350412598 1644.09 39.7524 201.745
1535350412608 1599.03 39.5462 203.759
1535350412628 1588.91 40.6421 208.459
1535350412638 1583.76 41.4803 210.576
1535350412659 1541.93 41.4828 214.249
1535350412668 1519.15 42.0841 216.154
1535350412688 1485.52 42.9682 219.283
1535350412699 1492.02 43.6221 220.68
1535350412718 1442.96 43.5236 223.436
1535350412728 1455.08 44.649 224.4
1535350412748 1404.53 44.6608 226.498
1535350412758 1373.32 44.443 226.997
1535350412778 1337.67 45.1161 228.176
1535350412788 1335.55 45.9438 229.417
1535350412808 1314.65 46.7968 229.819
1535350412818 1291.5 46.9957 230.239
1535350412838 1268.7 47.4228 230.34
1535350412848 1234.35 47.3417 230.094
1535350412868 1229.17 48.7054 229.825
1535350412878 1196.48 48.4705 229.139
1535350412898 1186.03 49.732 228.258
1535350412918 1136.71 49.3087 226.78
1535350412929 1111.05 49.1289 225.317
1535350412948 1089.32 49.6054 223.781
1535350412958 1071.53 49.7351 222.468
1535350412978 1050.62 50.32 219.703
1535350412988 1026.81 50.0831 218.317
1535350413008 1013.62 51.06 215.002
1535350413018 1007.16 52.0031 213.368
1535350413038 973.473 51.9387 209.482
1535350413048 939.828 51.4956 207.122
1535350413068 914.624 52.144 203.133
1535350413089 888.516 52.4472 198.699
1535350413098 879.641 52.848 196.333
1535350413118 858.251 53.4698 191.318
1535350413129 827.611 53.1827 188.483
1535350413148 795.098 53.0233 182.235
1535350413159 787.125 53.5843 179.358
1535350413178 762.022 53.8791 173.077
1535350413198 735.562 54.264 166.475
1535350413208 728.283 54.5231 162.785
1535350413228 692.15 54.1708 156.083
1535350413239 674.943 54.4964 152.031
1535350413258 650.785 54.4812 144.518
1535350413268 636.384 54.7774 140.346
1535350413288 610.93 55.1641 132.581
1535350413308 590.46 55.4553 123.912
1535350413318 579.997 55.2053 119.202
1535350413338 540.54 55.3611 110.808
1535350413348 533.417 55.4573 105.76
1535350413368 514.072 55.465 95.6079
1535350413388 478.817 55.62 86.3734
1535350413398 463.947 55.5469 80.8964
1535350413418 439.788 55.4908 70.2579
