0.8 0 0 0
1535347938362 1807.1 -31.7084 141.326
1535347938382 1793.09 -31.5117 146.45
1535347938402 1761.11 -31.2202 151.241
1535347938422 1738.59 -29.8235 155.108
1535347938442 1705.13 -28.4613 158.566
1535347938462 1672.8 -27.4633 162.508
1535347938482 1650.15 -27.3803 165.231
1535347938502 1618.89 -25.9776 168.108
1535347938512 1618.48 -25.9641 169.474
1535347938532 1565.9 -24.6593 171.731
1535347938552 1541.14 -24.2026 173.586
1535347938572 1519.72 -23.4223 174.689
1535347938592 1467.16 -22.0569 175.827
1535347938602 1449.89 -22.0266 176.308
1535347938622 1422.86 -21.5004 176.308
1535347938642 1359.68 -20.5319 176.162
1535347938652 1389.56 -20.39 175.554
1535347938672 1370.75 -19.0443 175.086
1535347938692 1322.58 -18.5497 173.704
1535347938702 1282.33 -17.9373 173.382
1535347938722 1247.95 -17.4241 171.987
1535347938742 1229.25 -16.6308 169.715
1535347938762 1216.52 -16.3183 166.766
1535347938772 1215.74 -15.8135 165.518
1535347938792 1144.16 -15.0457 163.664
1535347938812 1129.74 -14.7758 160.119
1535347938822 1104.37 -14.2257 158.629
1535347938842 1098.95 -13.7886 154.032
1535347938852 1070.74 -13.1293 152.196
1535347938872 1047.48 -13.1013 147.663
1535347938892 1053.35 -11.9152 140.189
1535347938902 1006.01 -12.1666 139.429
1535347938922 961.867 -11.1754 134.732
1535347938942 937.713 -10.8907 128.338
1535347938962 940.589 -9.7832 120.677
1535347938972 902.816 -9.84506 119.555
1535347938992 859.774 -8.9278 113.711
1535347939012 863.405 -8.55619 104.885
1535347939032 831.957 -8.2797 98.2687
1535347939042 830.957 -8.03163 93.705
1535347939062 802.201 -7.88788 85.3727
1535347939082 743.472 -6.80666 79.3892
1535347939102 730.785 -6.20264 69.5833
1535347939112 728.875 -6.3437 63.9569
1535347939132 696.113 -5.64873 55.4772
1535347939152 684.276 -5.10191 43.9311
1535347939172 653.897 -5.14616 33.9395
1535347939182 628.922 -4.42894 30.8225
1535347939362 468.968 -1.37564 54.505
1535347939382 454.447 -1.27637 61.0599
1535347939402 442.816 -1.05343 66.3811
1535347939422 428.868 -1.16062 71.5382
1535347939442 420.576 -1.03333 75.7649
1535347939462 399.043 -0.896253 80.9646
1535347939472 389.524 -0.613437 83.3527
1535347939502 366.754 0.390237 88.1478
1535347939512 361.962 0.221342 89.4418
1535347939532 345.66 0.944339 92.4526
1535347939552 333.161 0.769245 94.9405
1535347939572 327.711 0.725007 96.2785
1535347939592 310.597 1.12217 98.4325
1535347939612 295.907 0.51279 100.684
1535347939632 284.885 0.30874 100.811
1535347939652 270.052 0.673361 101.073
1535347939672 253.516 0.901835 101.442
