0.8 0 0 0
1535353499442 1979.65 -15.7742 124.115
1535353499462 1954.28 -17.0816 131.148
1535353499482 1949.33 -18.6965 137.614
1535353499502 1883.47 -19.979 143.985
1535353499542 1815.45 -22.411 156.951
1535353499562 1805.14 -24.0466 160.929
1535353499582 1802.98 -25.9595 165.424
1535353499603 1735.17 -27.8871 169.967
1535353499612 1721.32 -28.604 172.374
1535353499632 1678.12 -29.2938 175.518
1535353499662 1633.06 -32.5327 180.227
1535353499672 1619.87 -33.2181 181.688
1535353499692 1592.27 -34.5139 184.167
1535353499712 1573.99 -36.3583 185.535
1535353499732 1520.99 -37.5439 187.586
1535353499742 1536.78 -38.6094 188.657
1535353499762 1492.45 -40.8525 189.004
1535353499772 1479.16 -41.5119 189.543
1535353499792 1450.66 -42.8742 190.413
1535353499802 1430.11 -43.7958 190.459
1535353499812 1432.14 -44.7908 189.866
1535353499832 1402.71 -46.3445 189.652
1535353499842 1409.88 -47.6383 189.305
1535353499862 1363.38 -49.2827 188.543
1535353499872 1342.67 -49.5943 188.063
1535353499882 1332.06 -50.2366 187.272
1535353499902 1293.52 -51.8904 185.289
1535353499922 1258.46 -53.306 183.055
1535353499932 1251.42 -54.1648 181.431
1535353499942 1225.97 -54.3299 180.637
1535353499952 1226.4 -55.4455 179.16
1535353499972 1198.4 -56.6595 175.814
1535353499982 1180.2 -57.7202 174.395
1535353500002 1143.93 -58.9513 170.886
1535353500012 1146.38 -60.0967 168.694
1535353500032 1107.71 -60.9958 165.264
1535353500042 1102.23 -61.8188 162.626
1535353500052 1092.49 -62.6988 160.335
1535353500062 1073.68 -63.1763 157.391
1535353500072 1062.54 -64.3348 155.091
1535353500092 1012.07 -64.8335 149.694
1535353500102 1021.22 -67.101 146.555
1535353500122 981.982 -67.7035 140.804
1535353500132 985.346 -69.3826 137.424
1535353500142 966.189 -69.8574 134.11
1535353500152 954.253 -70.4203 131.004
1535353500172 939.4 -72.5548 123.364
1535353500222 866.046 -76.1412 105.942
1535353500232 873.702 -77.5295 100.976
1535353500252 831.346 -78.5346 93.6138
1535353500272 795.633 -79.4214 85.4401
1535353500282 775.826 -79.0941 82.1612
1535353500302 752.92 -81.7748 72.8142
1535353500322 754.185 -84.8024 61.0502
1535353500332 732.078 -84.7455 56.8296
1535353500342 724.813 -85.947 51.3002
1535353500362 691.928 -87.1809 41.7527
1535353500372 686.362 -88.3595 35.6218
1535353500392 655.257 -89.2866 25.6854
1535353500402 644.356 -90.3391 20.0628
1535353500422 613.469 -91.8315 9.69351
1535353500442 599.013 -92.6062 8.02705
1535353500462 591.247 -93.9685 17.2935
1535353500472 590.183 -94.5467 21.2052
1535353500492 562.732 -94.4728 32.323
1535353500502 557.861 -95.4084 36.4777
1535353500522 549.272 -96.5969 44.0835
1535353500542 530.331 -97.0295 52.6309
1535353500562 523.759 -98.3902 58.8068
1535353500572 518.106 -99.0137 62.6391
1535353500592 509.007 -100.094 68.5347
1535353500602 491.676 -99.9285 73.0692
1535353500622 485.438 -100.924 78.7098
1535353500642 474.95 -102.411 84.0964
1535353500652 459.475 -101.845 87.4235
1535353500672 450.529 -102.899 91.8222
1535353500682 441.286 -103.354 94.5516
1535353500702 422.121 -103.549 99.2248
1535353500712 425.913 -105.119 100.616
1535353500722 419.738 -105.184 102.216
1535353500732 411.706 -105.431 104.222
1535353500752 396.157 -106.417 107.643
1535353500772 385.487 -107.359 110.546
1535353500782 379.901 -107.909 111.486
1535353500802 366.898 -108.696 113.816
1535353500812 362.88 -109.074 114.625
1535353500832 348.326 -109.562 116.264
1535353500842 341.007 -110.756 116.765
1535353500862 334.383 -112.244 117.274
1535353500872 320.829 -111.196 118.158
1535353500892 305.474 -112.343 118.611
1535353500912 296.552 -113.206 118.382
1535353500922 287.457 -113.523 118.184
1535353500942 281.419 -115.3 117.018
1535353500952 266.598 -114.646 116.948
1535353500962 268.005 -116.553 115.531
1535353500982 257.896 -117.024 114.18
1535353501002 241.021 -117.594 112.441
1535353501012 249.11 -120.117 110.626
1535353501022 223.356 -119.189 111.799
1535353501052 216.199 -120.47 105.37
1535353501062 205.759 -119.929 104.513
1535353501072 210.176 -122.224 101.539
1535353501092 190.655 -122.008 98.4724
1535353501102 177.746 -120.487 96.9212
1535353501122 172.611 -123.364 91.6131
1535353501142 173.773 -126.571 85.6217
1535353501152 154.275 -124.207 84.5695
1535353501162 157.097 -126.5 80.8957
1535353501182 142.977 -126.6 75.8918
1535353501202 128.503 -126.746 70.0925
1535353501212 121.282 -126.571 67.3867
1535353501232 101.868 -125.819 61.0403
1535353501242 102.825 -127.832 57.1094
1535353501262 97.0514 -129.594 49.6034
1535353501272 88.1096 -129.218 46.3332
1535353501292 66.2442 -127.72 40.3872
1535353501302 67.6064 -129.971 35.4489
1535353501322 49.5418 -129.042 28.2172
1535353501332 45.6436 -129.048 23.7638
1535353501352 33.1094 -129.399 15.3876
1535353501362 26.6184 -129.541 11.2061
1535353501372 21.5964 -129.778 3.33065
1535353501382 14.7487 -130.868 2.3286
1535353501402 10.9756 -133.776 8.95627
1535353501422 -6.18667 -132.446 18.5621
1535353501432 -7.39557 -134.974 21.279
1535353501452 -18.5887 -136.158 27.7681
1535353501472 -30.7674 -137.802 33.7288
1535353501482 -39.7135 -136.575 37.4252
1535353501492 -48.3198 -136.757 41.0856
1535353501512 -55.6722 -138.481 45.3369
1535353501522 -57.2146 -140.795 47.0911
1535353501542 -68.5512 -142.2 51.8212
1535353501552 -70.7337 -144.213 52.8736
1535353501572 -84.9883 -144.073 57.8349
1535353501592 -100.669 -144.264 62.1476
1535353501602 -103.614 -145.163 63.3656
1535353501622 -117.202 -145.875 66.8338
1535353501632 -118.575 -147.909 67.1034
1535353501652 -133.87 -147.55 70.3607
1535353501662 -132.859 -150.44 70.1115
1535353501672 -142.199 -149.479 71.8559
1535353501692 -154.867 -150.406 73.6214
1535353501712 -165.093 -152.284 74.3148
1535353501732 -175.874 -153.128 75.0492
1535353501752 -181.546 -157.146 74.222
1535353501772 -200.868 -154.08 75.8755
1535353501782 -202.878 -156.546 74.8225
1535353501812 -221.35 -157.449 74.0773
1535353501822 -227.398 -157.82 73.5293
1535353501842 -239.605 -158.114 72.4132
1535353501862 -248.558 -160.15 69.7489
1535353501882 -260.878 -161.081 66.863
1535353501902 -270.503 -162.547 64.5162
1535353501922 -283.289 -162.467 62.0286
1535353501932 -286.873 -164.258 59.6567
1535353501952 -296.86 -165.439 55.8268
1535353501972 -309.075 -165.546 52.4857
1535353501982 -314.261 -166.302 49.8525
1535353502002 -323.55 -168.09 44.837
1535353502022 -334.245 -168.976 39.8762
1535353502032 -340.297 -168.884 37.6453
1535353502052 -350.664 -170.159 31.8397
1535353502062 -355.38 -171.019 28.7455
1535353502082 -365.955 -171.661 22.7132
1535353502102 -375.418 -172.934 15.6062
1535353502112 -380.748 -173.513 12.4058
1535353502132 -390.962 -176.249 0.679763
1535353502172 -407.029 -178.606 10.4271
1535353502192 -413.844 -181.926 13.6271
1535353502212 -418.708 -186.99 15.6901
