0.8 0 0 0
1535350282775 2126.48 27.1916 100.298
1535350282785 2082.98 27.1151 107.083
1535350282805 2040.48 28.3776 117.271
1535350282815 2024.78 28.1229 122.226
1535350282835 2016.19 30.2194 130.985
1535350282846 1987.96 30.2156 135.814
1535350282855 1996.87 31.1785 139.446
1535350282875 1936.56 31.8239 149.333
1535350282885 1878.24 31.7431 152.775
1535350282905 1858.75 33.2379 161.333
1535350282915 1855.89 33.445 164.846
1535350282935 1805.69 34.1939 172.506
1535350282945 1789.17 33.9023 176.092
1535350282965 1791.38 36.2007 181.809
1535350282976 1754.03 36.0459 185.834
1535350282995 1713.65 36.7192 192.2
1535350283005 1693.42 37.5404 194.986
1535350283015 1709.68 38.2447 197.266
1535350283025 1670.71 37.9757 200.842
1535350283045 1625 38.6142 205.398
1535350283056 1601.98 39.1975 207.413
1535350283065 1610.1 40.1637 209.787
1535350283075 1581.31 40.315 211.908
1535350283095 1536.94 40.7258 215.649
1535350283105 1543.11 41.4976 218.135
1535350283125 1521.15 41.8586 221.342
1535350283136 1498.05 42.037 222.676
1535350283145 1483.75 42.9884 224.437
1535350283155 1458.92 42.9033 225.331
1535350283175 1432.17 43.6491 228.003
1535350283186 1413.35 43.8512 228.432
1535350283195 1396.86 44.2499 229.432
1535350283215 1364.05 44.8615 230.823
1535350283225 1321.11 44.1418 231.265
1535350283235 1332.11 45.2452 231.867
1535350283255 1312.94 46.306 233.091
1535350283265 1293.82 46.297 233.109
1535350283285 1258.75 46.7612 233.191
1535350283295 1255.11 46.9687 233.225
1535350283305 1225.38 46.8983 232.946
1535350283325 1211.61 48.1094 232.802
1535350283335 1200.57 48.4836 232.165
1535350283345 1192.86 48.7754 231.715
1535350283365 1156.3 49.7964 229.84
1535350283375 1139.34 49.1926 229.143
1535350283385 1106.91 48.7991 228.06
1535350283405 1076.62 49.2422 225.697
1535350283416 1059.82 49.8186 224.7
1535350283425 1047.3 49.551 223.45
1535350283445 1018.13 50.2536 220.705
1535350283455 998.734 50.3331 218.667
1535350283465 978.686 50.3137 216.539
1535350283475 975.797 50.6756 215.513
1535350283495 948.425 51.1259 211.441
1535350283505 948.24 51.8676 209.171
1535350283526 910.259 51.807 204.601
1535350283535 881.476 51.5273 202.503
1535350283545 882.941 52.0277 200.072
1535350283565 870.005 53.4803 194.592
1535350283575 839.436 52.6337 192.06
1535350283585 811.162 52.221 189.126
1535350283605 796.452 53.0707 182.469
1535350283615 779.636 53.2583 179.397
1535350283625 766.283 53.0786 176.136
1535350283645 744.33 53.8056 169.306
1535350283655 726.298 53.8428 165.752
1535350283665 713.536 53.6569 162.264
1535350283685 690.936 54.4452 154.656
1535350283695 679.689 55.0738 150.888
1535350283715 645.116 54.9628 142.742
1535350283725 633.67 54.9309 138.419
1535350283735 631.015 55.6111 133.574
1535350283746 604.076 55.529 130.381
1535350283765 579.226 55.144 121.298
1535350283775 557.875 55.8708 117.396
1535350283795 538.682 56.3811 107.884
1535350283805 526.676 56.3277 102.862
1535350283825 494.704 56.4619 93.32
1535350283835 476.786 56.3569 88.1834
1535350283845 472.322 56.934 82.3886
1535350283865 446.548 57.1978 71.0909
1535350283875 429.057 57.0481 65.8576
1535350284075 233.177 59.8862 48.9038
1535350284105 215.486 62.3486 60.2257
1535350284116 218.864 63.1582 62.7125
1535350284135 191.739 62.8917 72.0436
1535350284155 172.371 63.5118 79.5044
1535350284165 164.474 63.7192 82.2895
1535350284175 162.105 64.0054 85.4274
1535350284195 148.847 64.1625 91.2195
1535350284205 145.842 64.5976 93.8808
1535350284225 144.983 65.5841 97.7428
1535350284235 124.211 65.2732 101.544
1535350284255 101.938 65.3475 106.966
1535350284265 99.8024 66.2325 108.527
1535350284276 98.5391 66.383 110.468
1535350284295 76.2593 66.2769 114.711
1535350284305 76.8872 66.6749 115.83
1535350284325 65.9521 67.0932 118.965
1535350284345 49.287 67.5496 122.079
1535350284355 47.6728 67.7643 122.834
1535350284365 40.7375 68.3262 124.193
1535350284385 25.1262 68.5078 125.835
1535350284405 15.0314 68.6719 127.597
1535350284416 6.79997 65.7383 130.308
1535350284425 1.1795 65.9808 130.587
1535350284445 -11.3448 69.5085 128.893
1535350284455 -15.6606 69.7357 128.975
1535350284475 -27.0437 69.8799 129.003
1535350284485 -32.8202 70.4752 128.88
1535350284505 -51.5091 70.5 128.419
1535350284515 -56.7724 70.23 128.133
1535350284535 -71.4184 70.8385 126.784
1535350284545 -77.6266 70.9166 126.3
1535350284565 -91.4715 71.038 124.568
1535350284575 -92.7327 71.4407 123.206
1535350284595 -96.744 71.7807 119.92
1535350284605 -104.428 72.2569 118.827
1535350284625 -120.722 72.2372 115.877
1535350284635 -125.39 72.7155 114.077
1535350284656 -137.738 72.7128 110.611
1535350284665 -144.017 72.9679 108.571
1535350284685 -157.754 73.1563 104.57
1535350284705 -169.374 73.4497 99.7262
1535350284715 -174.557 73.7358 97.3346
1535350284735 -188.255 73.5836 92.6493
1535350284745 -191.379 74.6738 89.1367
1535350284765 -207.62 74.519 84.1541
1535350284775 -213.257 75.0226 80.7947
1535350284785 -214.167 74.9019 76.9415
1535350284805 -229.525 75.7462 71.3004
1535350284815 -232.197 75.5474 66.7661
1535350284835 -246.094 75.8424 60.0733
1535350284845 -250.224 76.2484 55.6603
1535350284865 -263.326 76.3152 48.5205
1535350284876 -268.529 76.6163 43.8882
1535350284895 -280.178 76.8589 35.7656
1535350284905 -286.839 77.0501 31.7431
1535350284925 -296.777 77.4746 22.4558
1535350284935 -303.736 77.4597 18.5212
1535350284955 -315.248 77.6987 8.95965
1535350284965 -321.616 77.8586 1.70457
1535350284995 -337.601 78.1395 13.3148
1535350285005 -344.299 77.9966 17.7661
1535350285025 -354.993 78.2391 24.0486
1535350285045 -366.763 78.1767 31.1897
1535350285055 -373.146 78.1189 34.4433
1535350285075 -384.665 78.1713 40.7352
1535350285095 -396.309 78.2026 46.3031
1535350285115 -407.801 78.488 51.2511
1535350285126 -413.469 78.3396 53.9751
1535350285145 -425.298 78.4322 58.53
1535350285155 -430.614 78.5329 60.5664
1535350285175 -442.391 78.5405 64.6487
1535350285195 -454.155 78.4969 68.2099
1535350285235 -476.228 78.7357 73.7559
1535350285245 -482.052 78.7418 75.0462
1535350285265 -493.388 78.7189 77.2586
1535350285285 -504.737 78.7369 78.9901
