0.8 0 0 0
1535347949031 1933.83 -114.52 113.269
1535347949051 1890.4 -108.946 121.468
1535347949071 1879.77 -105.272 129.653
1535347949091 1839.37 -100.428 137.021
1535347949101 1821.74 -98.0371 140.782
1535347949131 1743.56 -89.9553 152.101
1535347949141 1761.25 -88.954 154.257
1535347949161 1728.99 -84.3206 160.181
1535347949181 1678.64 -79.5418 165.883
1535347949201 1638.1 -74.2226 170.776
1535347949221 1596.4 -69.9014 175.591
1535347949241 1599.64 -66.0745 178.929
1535347949261 1558.42 -62.5007 183.192
1535347949281 1538.84 -57.7573 186.57
1535347949291 1521.43 -55.8654 188.232
1535347949312 1463.1 -50.5846 190.678
1535347949331 1454.37 -46.8113 193.161
1535347949341 1424.86 -44.6149 193.913
1535347949361 1418.8 -40.7769 195.703
1535347949381 1374.44 -36.1919 197.095
1535347949391 1354.36 -33.6077 197.466
1535347949411 1313.33 -29.3878 198.397
1535347949431 1290.26 -25.997 198.711
1535347949441 1298.8 -23.9735 198.633
1535347949461 1268.84 -20.803 198.411
1535347949481 1227.45 -16.2753 198.145
1535347949492 1200.04 -13.693 197.238
1535347949511 1158.62 -10.3048 196.42
1535347949531 1177.4 -6.22071 194.734
1535347949551 1133.02 -2.88164 192.999
1535347949571 1100.06 0.377841 190.354
1535347949581 1081.97 2.42231 189.336
1535347949601 1055.14 6.28745 186.34
1535347949621 1021.16 10.18 183.246
1535347949631 1008.31 11.951 180.981
1535347949651 1000.86 15.3862 176.64
1535347949672 961.257 18.6624 172.742
1535347949681 951.965 20.7139 170.688
1535347949701 920.408 24.1378 166.132
1535347949721 899.807 27.4825 161.228
1535347949741 867.589 31.4531 155.688
1535347949751 849.524 33.1986 153.288
1535347949771 827.342 36.5822 146.789
1535347949791 798.941 40.1613 140.416
1535347949811 771.373 43.1739 133.61
1535347949821 762.832 45.2773 129.656
1535347949841 733.387 48.4958 123.348
1535347949861 706.406 51.7259 115.311
1535347949871 695.358 53.0292 112.205
1535347949891 656.097 56.2349 104.943
1535347949911 646.812 59.636 95.2435
1535347949932 630.748 63.0308 85.6838
1535347949951 601.456 66.5214 76.5096
1535347949961 575.129 67.1902 73.4766
1535347949981 558.441 70.7444 62.4871
