0.8 0 0 0
1535347549043 1758.37 -80.2586 203.894
1535347549063 1723.1 -77.9533 209.286
1535347549083 1699.31 -75.1403 214.558
1535347549103 1646.8 -72.246 220.021
1535347549123 1647.12 -70.846 224.936
1535347549143 1614.48 -68.0822 229.112
1535347549163 1591.12 -66.7825 233.078
1535347549183 1546.62 -64.0047 236.17
1535347549203 1497.07 -61.0601 239.092
1535347549213 1506.71 -60.6519 240.052
1535347549233 1485.06 -58.8529 243.001
1535347549253 1431.29 -56.195 244.92
1535347549273 1394.68 -54.1823 246.144
1535347549293 1359.26 -51.9801 247.239
1535347549303 1358.32 -51.4697 247.809
1535347549323 1325.67 -49.1547 247.858
1535347549333 1296.12 -48.3324 247.881
1535347549353 1265.65 -46.3888 247.611
1535347549373 1240.65 -44.3555 247.238
1535347549383 1232.75 -44.0948 247.063
1535347549403 1195.92 -41.9458 245.667
1535347549423 1176.39 -40.3632 244.286
1535347549443 1131.74 -38.2115 241.96
1535347549453 1146.72 -38.2041 241.507
1535347549473 1093.46 -35.6852 238.534
1535347549493 1064.54 -34.1434 235.797
1535347549503 1044.22 -33.5201 234.041
1535347549523 1020.99 -31.7292 230.855
1535347549543 996.274 -30.1616 227.059
1535347549563 966.718 -28.5847 222.821
1535347549573 944.748 -27.4126 220.729
1535347549593 924.48 -25.9881 215.969
1535347549613 901.588 -24.6613 210.98
1535347549623 885.542 -23.9477 208.245
1535347549643 857.234 -22.4642 203.004
1535347549663 848.547 -21.1648 197.104
1535347549683 803.784 -19.3347 190.663
1535347549703 783.522 -17.9361 183.616
1535347549713 764.15 -17.3142 180.333
1535347549733 733.058 -15.7081 173.048
1535347549753 703.228 -14.669 165.697
1535347549773 671.115 -12.9683 158.003
1535347549873 542.96 -6.8379 113.656
1535347549893 512.987 -4.70161 103.988
1535347549903 497.008 -4.52202 99.1941
1535347549923 472.422 -3.2986 88.1989
1535347549943 448.634 -2.0552 77.358
1535347549953 437.703 -1.58758 71.1205
1535347549973 413.184 -0.290884 59.2001
1535347549993 383.404 0.954506 47.515
1535347550003 377.091 0.925537 41.291
1535347550023 352.836 2.01237 29.4766
1535347550043 319.834 4.70675 17.2688
1535347550053 309.166 5.29965 10.6334
1535347550073 293.956 6.01015 7.71721
1535347550093 282.059 7.05786 17.6537
1535347550113 271.485 8.12699 26.9806
1535347550133 253.903 8.90886 36.8602
1535347550153 237.982 10.0875 45.6276
1535347550173 227.733 10.854 54.2294
1535347550193 215.264 12.0591 61.4852
1535347550213 204.497 12.8877 69.065
1535347550223 195.09 13.6031 73.0704
1535347550243 180.126 14.4412 79.8397
1535347550263 167.711 15.2051 86.2947
1535347550283 160.475 16.0497 91.5522
1535347550303 144.558 17.1188 97.2073
1535347550323 128.52 17.7935 102.69
1535347550333 118.315 18.5573 105.547
1535347550353 108.657 19.282 109.4
1535347550373 98.3322 20.3221 113.499
1535347550383 92.0436 20.6944 115.314
1535347550403 81.6224 21.4965 118.292
1535347550413 70.6052 22.3168 120.306
1535347550443 56.3636 23.3142 123.78
1535347550453 49.2494 23.6468 124.634
1535347550473 18.9424 25.0396 127.297
1535347550493 19.0858 25.6671 128.047
1535347550513 6.82916 23.5495 131.745
1535347550533 -17.835 28.3504 130.461
1535347550543 -9.79946 28.0835 129.89
1535347550563 -24.0912 28.8689 130.319
1535347550583 -33.3011 29.4319 129.494
1535347550603 -46.7783 30.6491 129.235
1535347550613 -51.7224 30.7929 128.439
1535347550633 -64.5512 31.6828 126.952
1535347550653 -75.0831 32.878 125.179
1535347550673 -87.9487 33.4945 123.095
1535347550693 -99.6635 34.2103 120.205
1535347550703 -104.888 34.5824 118.516
1535347550723 -118.362 35.4265 115.695
1535347550743 -128.584 36.1523 111.746
1535347550763 -138.349 36.4445 107.184
1535347550783 -156.248 37.5401 103.064
1535347550793 -160.129 38.1234 100.39
1535347550813 -176.82 39.2645 96.8141
