0.8 0 0 0
1535349314488 1881.97 -28.3094 129.078
1535349314498 1836.66 -26.7618 133.834
1535349314518 1817.69 -25.7581 141.444
1535349314548 1778.25 -22.4453 151.536
1535349314568 1734.22 -21.4429 157.881
1535349314579 1713.27 -20.9464 160.704
1535349314598 1667.83 -19.0196 167.07
1535349314618 1647.28 -17.9191 171.871
1535349314628 1617.64 -16.2686 174.934
1535349314648 1615.31 -14.1711 178.656
1535349314658 1608.02 -14.1957 180.646
1535349314668 1590.84 -13.3201 182.887
1535349314688 1519.85 -10.9092 187.038
1535349314708 1486.13 -9.2145 190.437
1535349314718 1478.28 -8.59466 192.24
1535349314728 1446.57 -7.21287 193.993
1535349314748 1453.9 -6.36194 196.653
1535349314758 1417.36 -4.08693 197.357
1535349314768 1416.67 -4.17166 198.776
1535349314788 1394.29 -2.42987 200.286
1535349314798 1364.79 -1.4802 200.609
1535349314808 1344.95 -0.812404 200.837
1535349314828 1317.69 0.694645 201.761
1535349314838 1306.34 1.8431 201.864
1535349314848 1300.14 2.37977 202.881
1535349314858 1277.13 3.40189 202.709
1535349314878 1226.72 5.14048 202.512
1535349314888 1247.59 5.44815 202.181
1535349314908 1200.48 7.40722 201.076
1535349314918 1183.12 8.22956 200.714
1535349314938 1138.39 9.67918 200.086
1535349314948 1128.43 10.3781 199.115
1535349314958 1113.07 11.468 198.058
1535349314978 1079.13 12.7421 195.883
1535349314988 1076.02 14.2396 194.693
1535349315008 1050.87 16.132 191.749
1535349315018 1035.15 16.6748 190.448
1535349315028 1032.85 17.1062 188.465
1535349315048 996.559 18.9877 185.049
1535349315058 970.755 19.5166 183.49
1535349315078 950.794 21.1691 179.196
1535349315088 931.363 21.6729 177.173
1535349315098 924.617 22.3182 175.19
1535349315108 921.367 23.2974 172.575
1535349315128 881.168 24.897 167.216
1535349315138 863.179 25.5643 164.637
1535349315148 856.605 27.0731 161.995
1535349315168 815.518 28.1845 157.566
1535349315178 828.954 28.862 153.54
1535349315188 798.154 29.5563 151.221
1535349315198 780.568 30.2923 148.057
1535349315218 749.467 31.8611 141.123
1535349315228 746.932 32.7147 137.294
1535349315238 739.86 33.995 133.253
1535349315258 683.073 33.7778 128.062
1535349315278 670.816 35.9228 119.316
1535349315288 666.181 37.0007 115.088
1535349315298 651.059 37.3938 111.514
1535349315318 608.219 38.0124 104.37
1535349315328 596.284 39.2086 99.8042
1535349315348 580.602 40.9083 90.4666
1535349315358 564.767 40.9968 85.7678
1535349315368 549.54 41.8935 80.9094
1535349315388 523.711 43.207 71.0874
1535349315408 498.851 44.6505 61.1808
1535349315418 478.856 45.0642 56.7915
1535349315598 319.59 50.1034 37.8709
1535349315608 290.678 57.1658 45.196
1535349315628 288.569 58.1157 50.1186
1535349315648 259.858 59.0537 59.2798
1535349315668 256.112 60.4644 64.3404
1535349315678 251.712 60.3965 67.1016
1535349315698 236.826 61.463 72.6262
1535349315708 221.59 61.6816 76.4901
1535349315728 206.227 62.5564 81.8256
1535349315738 206.79 63.2798 83.1904
1535349315758 194.031 64.3378 87.269
1535349315768 184.2 64.1887 89.9407
1535349315788 169.349 65.4449 93.6124
1535349315798 166.33 66.0452 94.9104
1535349315818 151.821 66.5044 98.0355
1535349315828 149.003 67.2109 99.0305
1535349315848 113.178 67.7596 103.159
1535349315868 114.121 68.8051 104.357
1535349315878 109.371 69.1943 104.824
1535349315898 86.834 69.181 106.744
1535349315918 75.5176 70.9995 107.669
1535349315928 67.9451 70.9252 108.274
1535349315948 60.6641 72.3803 108.117
1535349315958 45.9676 71.8113 108.544
1535349315978 35.0971 73.2812 108.139
1535349315998 35.2261 74.2243 106.11
1535349316008 22.6366 74.473 106.305
1535349316028 8.07947 71.9972 106.72
1535349316048 -2.44601 76.1917 102.738
1535349316058 -16.5138 75.7435 102.57
1535349316068 -16.524 76.7537 100.862
1535349316087 -33.1637 76.994 98.8242
1535349316098 -35.581 77.8071 97.0162
1535349316118 -49.4918 78.3492 93.8197
1535349316138 -58.1559 79.2807 89.3418
1535349316158 -71.0997 79.9873 85.2701
1535349316168 -80.3418 80.1455 83.8927
1535349316188 -86.1845 81.5885 78.5936
1535349316198 -95.5844 82.1129 76.7085
1535349316218 -111.852 81.9324 72.4174
1535349316228 -117.429 82.6725 69.3328
1535349316248 -128.719 83.5175 63.5741
1535349316257 -136.082 83.7682 60.7958
1535349316278 -146.607 84.3708 54.3485
1535349316288 -154.861 85.053 51.3159
1535349316307 -166.468 85.1575 43.241
1535349316317 -166.488 86.4208 38.9512
1535349316337 -182.021 86.8665 32.5112
1535349316348 -188.816 86.6668 28.7942
1535349316367 -200.945 87.4777 20.7436
1535349316378 -204.572 88.0528 15.6629
1535349316388 -212.938 88.1833 12.2075
1535349316408 -223.548 89.1764 1.81064
1535349316418 -231.986 88.7937 2.83277
1535349316437 -242.613 90.0272 14.2873
1535349316458 -254.553 90.7952 21.1392
1535349316478 -265.951 91.811 26.4965
1535349316488 -273.969 91.8808 30.7317
1535349316508 -285.02 92.9891 36.0054
1535349316517 -291.772 93.0759 38.978
1535349316538 -303.046 93.98 43.6763
1535349316558 -315.735 94.7355 48.5844
1535349316578 -327.594 95.5613 52.606
1535349316587 -334.035 95.9231 54.4888
1535349316608 -346.04 96.767 58.3246
1535349316618 -351.115 97.3239 59.3787
1535349316638 -363.525 97.9385 62.6753
1535349316657 -374.932 98.7692 65.1299
1535349316668 -381.147 99.1035 66.2859
1535349316688 -393.273 99.7004 68.3217
1535349316698 -399.096 100.111 69.1733
1535349316717 -411.013 100.828 70.4661
1535349316727 -416.456 101.388 70.7423
1535349316748 -429.3 101.521 71.4822
1535349316767 -440.801 102.369 71.8098
1535349316857 -491.321 106.639 67.1563
