0.8 0 0 0
1535347515895 2004.52 -34.8214 116.354
1535347515915 1983.17 -33.8659 124.87
1535347515935 1951.82 -33.1819 132.778
1535347515955 1902.6 -31.2665 141.531
1535347515965 1902.59 -31.2739 144.803
1535347516025 1810.71 -27.5603 165.249
1535347516045 1769.55 -26.7249 171.756
1535347516065 1748.84 -26.3743 176.892
1535347516085 1731.11 -24.7059 182.151
1535347516095 1724.44 -24.7829 184.228
1535347516115 1654.21 -23.3171 188.134
1535347516134 1648.43 -22.4071 193.232
1535347516154 1624.63 -21.2142 196.762
1535347516174 1561.58 -20.0589 199.941
1535347516185 1571.28 -19.8743 201.319
1535347516204 1553.21 -19.419 203.893
1535347516224 1502.65 -18.5636 206.236
1535347516237 1505.54 -17.6463 206.718
1535347516254 1461.73 -17.0256 208.997
1535347516275 1436.77 -16.3807 209.682
1535347516285 1426.66 -16.4646 209.908
1535347516305 1396.46 -15.3393 210.064
1535347516324 1373.78 -15.4483 210.64
1535347516344 1334.41 -14.0404 210.416
1535347516355 1311.64 -13.0185 209.623
1535347516374 1276.9 -12.3501 209.069
1535347516385 1278.74 -12.358 208.372
1535347516404 1248.63 -11.7141 207.443
1535347516424 1230.81 -11.2919 205.382
1535347516445 1190.52 -10.1868 203.578
1535347516454 1172.98 -10.217 202.248
1535347516474 1161.68 -9.45316 199.974
1535347516494 1151.01 -8.33477 196.568
1535347516504 1134.18 -8.19194 195.486
1535347516524 1106.96 -7.7682 191.323
1535347516534 1089.56 -7.35187 189.377
1535347516554 1050.92 -6.88072 185.376
1535347516574 1013.41 -6.69156 180.975
1535347516584 1004.81 -6.61283 178.977
1535347516605 990.504 -5.43998 173.386
1535347516644 940.36 -4.33329 162.385
1535347516655 921.73 -3.98796 159.345
1535347516674 900.663 -3.62764 152.805
1535347516694 876.639 -3.43897 146.04
1535347516704 867.783 -2.93535 142.648
1535347516724 841.509 -2.23971 134.481
1535347516744 816.929 -2.02124 127.352
1535347516775 779.981 -0.815306 115.882
1535347516794 757.031 -0.443888 108.208
1535347516814 742.267 0.235882 98.6089
1535347516824 701.16 0.800613 96.4283
1535347516844 695.69 0.904969 85.6825
1535347516864 677.859 0.757686 75.6444
1535347516874 649.515 1.12108 71.9093
1535347516894 633.474 1.27307 61.2492
1535347516914 616.422 1.14198 49.7454
1535347516925 596.016 1.6896 45.3981
1535347516944 583.628 1.82406 32.9489
1535347516964 556.963 1.37844 21.1721
1535347517074 466.743 3.58741 40.5645
1535347517094 451.554 3.63174 49.5886
1535347517114 436.805 3.88493 56.8504
1535347517124 431.376 4.18964 60.7896
1535347517144 422.959 4.40555 67.4447
1535347517164 410.97 4.52671 73.8112
1535347517184 394.573 5.03783 80.5807
1535347517194 387.517 5.17991 83.6631
1535347517214 370.695 5.28563 89.6596
1535347517234 359.012 5.66972 94.764
1535347517244 353.601 5.79532 96.9306
1535347517264 342.139 5.85864 101.56
1535347517284 329.629 6.32652 105.498
1535347517305 312.366 6.45785 109.691
1535347517315 306.265 6.69192 111.219
1535347517334 291.319 7.09039 114.203
1535347517354 290.297 6.83357 116.328
1535347517364 278.467 6.999 117.33
1535347517384 268.621 7.27253 119.356
1535347517404 254.628 7.66119 121.29
1535347517424 236.444 7.80041 122.227
1535347517434 231.476 7.97151 122.964
1535347517454 209.167 7.66996 123.789
1535347517474 208.109 8.59718 123.319
1535347517494 197.545 8.91111 122.751
1535347517504 191.658 9.13784 122.474
1535347517524 173.342 9.14157 122.081
1535347517544 156.963 9.98745 120.97
1535347517564 156.684 9.60679 118.309
1535347517575 147.335 9.5801 117.936
1535347517594 140.947 9.78118 114.79
1535347517614 123.188 10.3936 112.448
1535347517634 111.408 10.226 108.924
1535347517654 102.781 10.5791 105.348
1535347517664 88.414 10.8355 104.446
1535347517684 82.919 11.458 99.7359
1535347517704 73.4538 8.24785 96.5763
1535347517824 -3.08545 9.69139 29.8409
