0.8 0 0 0
1535353620065 2039.17 -53.7851 121.765
1535353620085 2006.95 -53.1668 131.735
1535353620105 2007.6 -53.0595 140.731
1535353620115 1988.19 -53.2374 145.042
1535353620155 1910.76 -51.7539 163.659
1535353620175 1892.45 -50.8575 169.982
1535353620185 1861.53 -50.7596 175.08
1535353620205 1794.08 -49.3467 182.078
1535353620225 1770.38 -48.5936 188.979
1535353620245 1739.9 -48.079 195.23
1535353620265 1693 -48.1433 201.43
1535353620275 1669.15 -47.0362 203.973
1535353620295 1655.57 -47.0358 209.014
1535353620315 1598.09 -45.7209 213.018
1535353620325 1609.3 -46.3328 215.819
1535353620345 1592.83 -46.4864 220.138
1535353620365 1542.75 -45.4968 224.845
1535353620375 1530.85 -45.3754 226.126
1535353620385 1514.02 -45.3165 228.095
1535353620405 1468.35 -44.0191 231.01
1535353620416 1468 -44.4222 232.512
1535353620425 1428.96 -43.8187 233.441
1535353620445 1423.4 -43.7649 236.374
1535353620455 1389.96 -43.2957 236.913
1535353620475 1370.03 -42.7143 239.446
1535353620486 1346.94 -42.8334 239.671
1535353620495 1334.24 -42.2396 240.584
1535353620515 1303.03 -41.8633 240.949
1535353620525 1291.88 -41.7192 241.979
1535353620545 1240.08 -41.0572 241.827
1535353620565 1230.69 -40.3142 242.398
1535353620575 1220.59 -41.0299 242.185
1535353620595 1168.58 -39.6272 241.354
1535353620605 1138.72 -39.0415 240.696
1535353620626 1117.62 -38.4348 239.52
1535353620635 1114.31 -38.7688 238.828
1535353620655 1087.03 -38.4061 237.929
1535353620666 1086.34 -38.4343 236.715
1535353620685 1052.28 -37.983 234.611
1535353620695 1022.19 -36.9081 232.584
1535353620705 1009.03 -36.7031 231.563
1535353620725 972.846 -36.1244 228.067
1535353620735 975.004 -36.2743 227.185
1535353620756 943.111 -36.0463 223.515
1535353620765 929.313 -35.6888 221.446
1535353620785 896.474 -35.1518 217.101
1535353620795 863.506 -34.3522 214.895
1535353620815 848.28 -34.9926 210.197
1535353620835 825.495 -34.3424 205.122
1535353620845 811.774 -34.6967 202.81
1535353620865 765.767 -32.8858 197.067
1535353620885 748.846 -33.5039 190.84
1535353620895 733.583 -33.1628 187.837
1535353620906 723.978 -33.3659 184.211
1535353620925 693.812 -32.8382 177.298
1535353620935 683.695 -32.8941 173.868
1535353620955 657.783 -32.0962 166.609
1535353620965 639.579 -32.2188 162.931
1535353620985 609.144 -31.4552 155.185
1535353620995 600.999 -31.8728 150.878
1535353621015 570.668 -31.2847 142.182
1535353621025 556.544 -30.9071 137.926
1535353621036 538.065 -30.6355 134.476
1535353621055 521.497 -30.6607 124.891
1535353621065 509.465 -30.3822 120.437
1535353621085 477.298 -30.1583 110.449
1535353621105 459.959 -30.056 99.6319
1535353621115 440.187 -29.7479 94.9964
1535353621125 421.624 -29.405 90.6286
1535353621145 394.216 -28.8501 78.8896
1535353621155 385.703 -28.6731 73.1409
1535353621175 359.966 -28.8103 62.0737
