0.8 0 0 0
1535351140159 2063.44 27.3097 109.172
1535351140179 2039.02 28.5887 119.711
1535351140189 2018.11 29.3919 124.21
1535351140209 2011.73 30.4057 132.775
1535351140229 1953.48 31.0307 141.723
1535351140259 1874.03 32.7092 154.755
1535351140279 1847.3 34.8066 162.296
1535351140289 1837.66 34.8886 165.261
1535351140309 1787.59 35.6615 172.982
1535351140330 1767.54 36.4037 178.716
1535351140349 1722.94 37.7951 184.998
1535351140359 1736.94 38.8077 187.425
1535351140379 1685.56 40.2743 193.611
1535351140389 1666.31 39.1412 195.93
1535351140409 1634.66 41.1186 201.088
1535351140429 1595.84 41.8361 205.201
1535351140439 1575.09 42.4479 207.358
1535351140459 1524.93 43.2837 211.314
1535351140479 1513.83 45.2101 214.441
1535351140489 1489.81 45.1942 216.406
1535351140509 1484.13 47.0821 219.373
1535351140520 1461.6 47.4803 220.599
1535351140539 1433.33 48.5458 222.758
1535351140549 1427.54 49.1147 223.573
1535351140559 1387.54 49.2049 224.185
1535351140579 1369.47 50.6778 225.681
1535351140599 1325.69 51.0899 226.764
1535351140609 1289.73 50.7609 226.384
1535351140629 1264.41 51.8874 227.105
1535351140649 1253.98 53.0036 227.177
1535351140659 1239.94 53.3072 227.008
1535351140679 1186.58 53.5503 225.754
1535351140689 1184.1 54.4349 225.716
1535351140709 1163.17 54.7891 223.963
1535351140719 1116.84 54.6292 222.987
1535351140739 1099.45 56.2958 221.285
1535351140749 1087.24 56.3141 220.283
1535351140769 1062.95 56.9234 217.386
1535351140779 1042.75 57.1686 216.217
1535351140799 1026.2 58.3531 213.142
1535351140809 1014.45 59.3115 211.468
1535351140829 967.491 59.6453 207.428
1535351140839 965.93 60.3399 205.867
1535351140849 955.237 60.5517 203.847
1535351140869 926.171 61.8406 199.45
1535351140889 900.192 61.9519 194.764
1535351140899 911.931 63.546 191.992
1535351140919 857.858 63.2461 186.617
1535351140929 863.035 64.3162 183.658
1535351140949 820.501 64.5546 177.507
1535351140959 791.277 64.0026 174.447
1535351140979 777.168 65.4255 167.628
1535351140989 767.56 65.7478 164.452
1535351141009 736.351 66.2769 156.76
1535351141019 722.704 66.8575 153.109
1535351141040 694.972 67.1801 145.303
1535351141049 684.584 67.466 141.523
1535351141069 655.06 68.019 133.325
1535351141089 628.646 68.44 125.023
1535351141099 609.275 68.1949 121.313
1535351141119 574.433 68.2322 113.356
1535351141129 572.395 69.2174 107.947
1535351141149 551.146 69.3291 98.3952
1535351141159 530.745 69.6811 94.1841
1535351141179 505.397 70.3475 83.85
1535351141189 491.052 70.6501 78.596
1535351141209 464.779 71.4816 68.203
1535351141229 440.873 72.3017 57.4136
