0.8 0 0 0
1535349331357 2050.5 3.59111 92.8778
1535349331377 2031.57 6.29891 101.882
1535349331397 1990.78 8.84779 111.864
1535349331417 1956.47 11.809 120.99
1535349331427 1923.95 13.885 126.088
1535349331447 1902.35 16.4806 133.639
1535349331467 1823.67 19.781 142.458
1535349331477 1856.86 21.5925 145.192
1535349331497 1795.97 24.2426 153.335
1535349331517 1749.22 26.9064 160.192
1535349331527 1730.84 27.9501 163.382
1535349331547 1688.16 30.4095 170.048
1535349331557 1688.72 31.9291 173.142
1535349331577 1634.4 34.1733 178.132
1535349331587 1635.84 35.9675 180.314
1535349331607 1620.07 38.4797 184.781
1535349331617 1593.43 40.1135 187.311
1535349331637 1564.29 41.9736 191.871
1535349331647 1543.47 43.3566 193.793
1535349331667 1501.13 45.9501 196.762
1535349331677 1480.82 47.0241 198.462
1535349331687 1488.12 49.4378 200.177
1535349331707 1463.63 51.5701 203.218
1535349331727 1417.32 54.3324 204.912
1535349331737 1389.41 54.6536 206.159
1535349331747 1386.81 56.6932 206.72
1535349331757 1362.76 57.5998 208.023
1535349331777 1320.02 59.9251 208.552
1535349331797 1325.09 62.9687 210.253
1535349331807 1306.05 64.6414 210.26
1535349331827 1274.15 67.0531 209.926
1535349331837 1249.63 67.6894 209.929
1535349331857 1225.7 70.8718 209.796
1535349331867 1213.28 71.5979 209.351
1535349331887 1192.66 74.8842 208.902
1535349331897 1158.91 74.9716 208.107
1535349331907 1138 76.209 207.59
1535349331927 1121.98 79.112 206.089
1535349331937 1099.5 79.9983 205.376
1535349331957 1081.47 82.8902 203.278
1535349331977 1047.08 85.2537 200.648
1535349331997 1012.93 87.4223 197.509
1535349332007 1003.18 88.7539 195.824
1535349332027 964.307 90.4833 191.966
1535349332037 940.692 91.3223 190.433
1535349332047 941.622 93.2004 188.285
1535349332067 922.947 96.0827 184.268
1535349332077 902.832 96.759 182.061
1535349332097 877.707 99.4666 177.119
1535349332107 873.989 100.836 174.365
1535349332127 848.856 103.584 168.958
1535349332137 819.21 103.353 166.481
1535349332157 781.98 105.158 160.797
1535349332167 772.315 106.824 157.35
1535349332187 740.885 108.43 151.283
1535349332197 743.364 111.223 147.08
1535349332217 703.424 112.247 140.734
1535349332227 695.802 114.019 136.779
1535349332247 668.873 116.249 129.622
1535349332257 645.374 116.209 125.414
1535349332277 623.172 119.201 117.982
1535349332287 618.36 120.725 113.427
1535349332307 591.48 122.995 104.889
1535349332317 563.121 122.29 101.541
1535349332337 540.954 125.314 92.23
1535349332347 537.185 127.104 86.7566
1535349332367 501.892 128.255 77.6336
1535349332377 487.007 129.507 72.4952
1535349332397 462.635 131.628 62.398
1535349332407 455.745 133.177 56.5077
