0.8 0 0 0
1535347995959 1841.39 -16.355 150.385
1535347995989 1821.28 -11.5027 161.741
1535347996009 1792.89 -8.20084 168.926
1535347996049 1721.86 -1.38183 181.612
1535347996069 1699.25 2.56181 187.82
1535347996089 1641.56 5.32077 193.705
1535347996109 1598.14 8.88584 198.507
1535347996129 1578.55 12.7123 202.34
1535347996149 1557.07 16.1971 207.276
1535347996169 1503.36 19.0323 210.207
1535347996189 1490.39 22.5044 213.963
1535347996209 1459.96 25.8653 216.828
1535347996229 1436.25 28.8163 219.725
1535347996249 1387.89 31.8686 222.038
1535347996259 1371.44 33.4402 222.96
1535347996279 1347.48 36.7312 224.561
1535347996299 1323.77 39.6701 225.481
1535347996319 1280.51 42.3663 226.119
1535347996339 1258.82 45.4102 226.553
1535347996349 1234.16 46.9988 226.633
1535347996369 1228.82 50.3159 226.61
1535347996389 1168.5 52.0872 225.465
1535347996399 1160.7 53.2754 225.612
1535347996419 1137.48 56.4628 224.303
1535347996429 1104.83 56.6483 223.201
1535347996449 1091.26 60.3392 222.051
1535347996469 1070.12 63.9818 219.832
1535347996489 1043.48 66.5678 217.144
1535347996509 1011.84 69.2853 213.95
1535347996519 1006.51 71.2486 212.756
1535347996539 968.746 72.8376 209.4
1535347996559 934.33 75.4061 205.828
1535347996579 904.156 77.8883 201.339
1535347996589 901.049 80.0535 198.996
1535347996609 879.63 83.1311 194.521
1535347996629 842.733 84.9437 189.769
1535347996649 805.304 86.9053 184.206
1535347996659 803.874 89.2814 181.89
1535347996679 777.043 92.1789 175.514
1535347996699 752.282 94.4907 169.251
1535347996719 722.629 96.7629 162.745
1535347996739 696.682 99.3447 156.066
1535347996749 688.058 100.918 151.843
1535347996769 652.888 102.71 144.868
1535347996779 649.803 104.369 140.38
1535347996799 624.314 106.989 132.548
1535347996819 591.655 108.724 124.123
1535347996839 556.699 109.329 116.357
1535347996849 540.699 111.106 112.269
1535347996869 521.905 113.689 102.761
1535347996889 499.814 116.096 92.6965
1535347996899 475.838 116.355 88.4407
1535347996919 455.821 119.038 77.7045
1535347996939 437.1 122.164 66.6318
