0.8 0 0 0
1535349335636 2054.01 9.6946 89.6498
1535349335646 2020.93 11.9541 95.4953
1535349335666 2002.83 15.6596 104.257
1535349335686 1970.27 19.2263 114.142
1535349335697 1948.79 21.3685 118.994
1535349335716 1923.11 25.7548 126.99
1535349335736 1908.6 29.5525 134.633
1535349335746 1860.44 30.4309 138.595
1535349335766 1840.67 36.3077 146.427
1535349335786 1812.41 40.0577 152.858
1535349335796 1777.35 41.8569 157.022
1535349335816 1755.68 45.9372 162.777
1535349335826 1742.76 47.9727 165.853
1535349335846 1705.38 51.3629 171.43
1535349335857 1680.21 53.0882 173.984
1535349335876 1645.99 57.0647 179.501
1535349335886 1625.18 59.1715 181.903
1535349335906 1620.64 64.499 186.19
1535349335919 1602.06 66.3343 188.524
1535349335927 1584.03 67.6545 190.757
1535349335937 1560.8 69.1502 191.634
1535349335957 1547.72 73.4022 196.152
1535349335967 1519.16 75.1702 197.241
1535349335986 1477.86 78.4861 200.376
1535349335996 1467 80.3572 201.562
1535349336007 1452.69 82.447 203.132
1535349336026 1412.51 85.6692 204.426
1535349336036 1395.91 87.2611 205.843
1535349336056 1368.2 90.9315 207.177
1535349336066 1353.21 92.8694 207.624
1535349336076 1338.43 94.2021 208.125
1535349336096 1309.22 98.3125 208.426
1535349336106 1283.98 99.4497 208.617
1535349336137 1241.59 104.841 208.756
1535349336156 1228.73 109.163 207.865
1535349336166 1210.02 110.526 207.267
1535349336186 1160.9 112.665 206.416
1535349336197 1145.58 114.377 205.867
1535349336216 1124.58 118.098 203.884
1535349336226 1110.31 119.713 202.762
1535349336246 1087.46 123.797 200.959
1535349336266 1058.07 127.154 198.194
1535349336276 1049.39 128.886 196.478
1535349336296 1008.07 131.137 193.591
1535349336306 990.36 133.078 191.72
1535349336326 974.272 136.853 188.129
1535349336336 963.544 138.753 185.622
1535349336356 939.187 143.19 181.077
1535349336366 906.258 142.553 179.009
1535349336386 890.584 146.775 173.753
1535349336396 872.877 147.894 171.145
1535349336417 847.849 151.017 166.295
1535349336426 824.243 151.407 163.493
1535349336446 808.365 155.548 157.006
1535349336457 796.681 157.51 153.741
1535349336476 775.39 161.414 147.002
1535349336486 742.058 161.086 143.956
1535349336506 728.981 165.226 136.323
1535349336516 709.457 166.643 132.615
1535349336527 698.188 168.577 129.051
1535349336546 672.86 170.783 121.45
1535349336566 646.647 173.97 113.913
1535349336576 630.794 174.671 109.555
1535349336596 618.745 180.025 99.7474
1535349336607 594.178 179.802 96.4836
1535349336626 569.614 183.331 86.8118
1535349336637 554.592 183.742 82.5898
1535349336656 521.403 185.704 72.963
1535349336666 520.02 189.031 66.5684
1535349336686 486.694 190.223 57.7239
1535349336906 288.191 212.848 59.407
1535349336927 272.791 213.822 66.749
1535349336946 265.136 216.551 72.2402
1535349336956 247.45 216.813 75.3402
1535349336976 244.75 220.565 80.0791
1535349336986 231.208 220.142 83.4072
1535349337006 212.777 220.07 89.1585
1535349337026 213.202 226.026 90.9691
1535349337036 203.816 225.323 94.3517
1535349337056 188.54 225.789 98.8549
1535349337076 172.138 226.916 102.683
1535349337086 169.362 228.9 103.857
1535349337106 164.158 232.366 106.294
1535349337116 158.955 235.749 106.527
1535349337136 137.204 232.252 110.937
1535349337146 127.656 232.945 111.555
1535349337166 131.791 239.284 111.808
1535349337186 101.593 235.699 114.543
1535349337196 105.843 239.279 114.311
1535349337206 90.143 237.857 115.226
1535349337226 87.1018 241.622 114.397
1535349337236 72.0047 239.792 115.406
1535349337256 65.8188 242.822 114.871
1535349337376 -11.6163 251.12 105.222
1535349337396 -19.4735 253.739 102.464
1535349337516 -87.7212 263.514 75.8474
1535349337537 -97.3971 265.226 69.5134
1535349337666 -173.16 274.266 22.0707
1535349337676 -178.936 274.615 18.0432
1535349337836 -272.827 287.524 40.5767
1535349337856 -280.414 291.757 43.9665
1535349337986 -355.374 303.35 63.1166
