0.8 0 0 0
1535347532734 1864.55 143.143 118.504
1535347532754 1879.46 141.649 124.419
1535347532774 1834.19 137.26 131.048
1535347532794 1785.5 132.666 137.861
1535347532814 1731.79 128.067 144.107
1535347532824 1720.23 126.32 147.148
1535347532844 1695.35 122.724 151.895
1535347532864 1661.63 119.689 156.8
1535347532884 1610.87 114.77 161.355
1535347532904 1592.03 111.879 165.565
1535347532924 1554.2 107.836 168.995
1535347532944 1505.59 103.406 171.938
1535347532964 1497.27 101.304 174.433
1535347532984 1487.24 98.9355 176.488
1535347533004 1438.45 94.7266 179.197
1535347533024 1391.5 91.0402 180.559
1535347533044 1379.6 87.8541 181.34
1535347533054 1356.69 86.0321 182.05
1535347533074 1327.29 82.5217 182.4
1535347533094 1333.6 80.6501 181.952
1535347533114 1298.93 76.7552 182.448
1535347533124 1288.42 74.8823 181.748
1535347533144 1220.12 70.7341 181.063
1535347533164 1201.67 66.8239 179.387
1535347533184 1201.82 64.6776 177.35
1535347533194 1202.62 64.2971 176.56
1535347533214 1157.79 60.5344 174.596
1535347533234 1115.98 56.4336 172.291
1535347533244 1102.88 55.0088 170.958
1535347533264 1069.84 51.5351 167.431
1535347533284 1078.11 49.859 163.322
1535347533304 1006.43 44.9567 160.735
1535347533314 998.689 43.534 158.824
1535347533334 984.664 40.5165 153.677
1535347533354 958.276 37.0749 149.143
1535347533374 929.75 33.4921 143.842
1535347533474 789.292 17.7125 113.194
1535347533494 780.674 13.5507 105.837
1535347533514 769.182 12.0882 96.8154
1535347533524 741.871 9.82883 93.7889
1535347533544 710.961 6.61582 86.1476
1535347533564 675.966 2.99666 78.2803
1535347533584 665.587 -0.366825 68.0411
1535347533604 633.007 -3.34902 59.0712
1535347533614 632.765 -5.17938 52.4381
1535347533634 588.623 -7.59124 44.6247
1535347533654 573.505 -11.4912 34.1653
1535347533664 559.638 -12.9542 29.2039
1535347533684 537.973 -16.4635 17.8944
1535347533704 513.474 -19.6161 5.79973
1535347533714 499.649 -20.8275 4.07203
1535347533734 487.385 -22.4082 13.6047
1535347533754 477.074 -24.0027 23.2179
1535347533774 458.569 -25.2642 32.0153
1535347533794 448.996 -27.1529 40.1409
1535347533814 433.547 -28.4063 47.368
1535347533824 423.864 -29.1198 51.2825
1535347533844 416.769 -30.9464 57.3505
1535347533864 397.055 -32.1588 64.3877
1535347533884 385.489 -33.9537 69.9021
1535347533904 369.53 -35.408 75.6566
1535347533914 363.356 -36.141 78.1786
1535347533934 351.792 -37.895 82.8246
1535347533954 341.983 -40.0683 86.6023
1535347533974 324.074 -41.0902 90.9321
1535347533994 312.91 -42.7166 94.2382
1535347534004 308.609 -44.1953 95.9386
1535347534024 297.152 -45.3192 98.43
1535347534044 280.483 -46.4697 101.166
1535347534064 265.987 -48.1468 103.104
1535347534084 262.252 -50.4734 104.424
1535347534094 251.796 -50.8199 105.212
1535347534114 240.237 -52.7058 105.752
1535347534134 229.372 -54.4021 106.066
1535347534154 224.29 -56.908 105.642
1535347534174 206.17 -57.7653 105.988
1535347534184 205.462 -59.5737 104.949
1535347534204 183.805 -59.4904 104.769
1535347534224 175.815 -61.7372 103.064
1535347534234 170.039 -62.2472 102.26
1535347534254 158.152 -64.505 100.463
1535347534274 155.38 -66.725 96.9754
1535347534294 122.486 -65.2595 96.0001
1535347534314 118.341 -67.8495 91.7955
1535347534324 104.446 -67.842 91.0715
1535347534344 101.827 -70.648 85.6767
1535347534404 36.8624 -90.4538 58.8103
1535347534414 19.7206 -98.0604 34.6212
1535347534474 8.37949 -91.4898 25.9658
1535347534493 25.0598 -95.4571 22.3689
