0.8 0 0 0
1535347519794 1826.27 52.3213 112.249
1535347519814 1800.64 48.2376 118.841
1535347519834 1769.01 44.2236 124.995
1535347519854 1729.61 39.7427 131.729
1535347519865 1731.48 38.0666 133.95
1535347519884 1683.52 33.9317 139.99
1535347519904 1663.95 29.5993 144.665
1535347519924 1655.76 25.4486 148.33
1535347519934 1625.56 23.3274 150.583
1535347519964 1568.85 17.105 156.772
1535347519984 1542.55 13.2561 160.092
1535347519994 1522.03 11.2849 160.932
1535347520014 1494.57 7.1714 163.945
1535347520034 1469.66 3.11238 166.554
1535347520054 1429.75 -1.05615 167.791
1535347520074 1392.22 -4.96006 169.463
1535347520084 1368.75 -7.34174 170.55
1535347520104 1390.51 -10.5749 170.552
1535347520124 1349.7 -15.0407 170.962
1535347520144 1293.88 -19.0202 171.187
1535347520154 1285.55 -21.1091 170.961
1535347520174 1269.01 -24.8402 170.187
1535347520194 1242.3 -29.0177 168.997
1535347520204 1206.95 -30.7189 169.093
1535347520225 1173.73 -34.5986 167.337
1535347520244 1171.79 -38.8824 164.871
1535347520254 1141.95 -40.9834 163.735
1535347520274 1130.09 -45.3188 161.281
1535347520294 1101.93 -49.0742 158.403
1535347520314 1074.66 -52.8715 154.866
1535347520324 1057.6 -54.9188 153.244
1535347520344 1018.5 -58.4487 149.53
1535347520364 998.013 -62.8854 144.878
1535347520384 970.834 -66.8374 140.157
1535347520394 965.486 -69.125 137.481
1535347520414 926.176 -72.1432 132.715
1535347520434 898.666 -75.7632 126.65
1535347520514 804.729 -91.3625 101.347
1535347520534 780.875 -95.3167 93.5511
1535347520544 754.18 -96.0522 90.2802
1535347520564 740.184 -100.718 81.7966
1535347520584 722.53 -104.86 72.8087
1535347520604 688.453 -107.586 64.7352
1535347520614 680.659 -109.92 59.9976
1535347520635 650.815 -113.155 50.7031
1535347520654 625.181 -117.054 40.8167
1535347520674 597.79 -120.639 31.5059
1535347520694 574.742 -124.097 20.8429
1535347520844 458.068 -138.17 52.1305
1535347520864 445.927 -140.025 58.193
1535347520894 426.334 -141.837 66.9535
1535347520904 421.568 -142.782 69.7136
1535347520924 406.801 -144.04 74.7661
1535347520944 395.067 -145.683 79.2776
1535347520964 383.303 -147.272 83.3832
1535347520974 376.273 -148.099 85.6383
1535347520994 363.96 -149.442 89.1823
1535347521014 351.566 -151.22 92.7219
1535347521034 337.665 -152.673 95.3249
1535347521054 328.087 -154.361 97.143
1535347521064 325.292 -156.043 98.3554
1535347521084 308.647 -156.353 100.336
1535347521104 290.739 -156.986 101.903
1535347521114 287.042 -158.052 102.101
1535347521134 277.781 -160.795 102.323
1535347521154 267.437 -162.639 102.489
1535347521174 253.281 -163.52 102.317
1535347521194 232.579 -163.013 102.862
1535347521205 223.787 -163.242 102.237
1535347521224 213.509 -165.136 101.272
1535347521244 210.574 -168.405 98.7026
1535347521264 198.753 -169.992 96.6615
1535347521284 183.886 -170.448 94.8061
1535347521304 160.845 -172.98 94.3928
