0.8 0 0 0
1535353375969 1713.06 -20.512 177.672
1535353375988 1687.69 -18.1933 183.521
1535353375999 1648.54 -18.4773 186.679
1535353376029 1582.87 -15.7541 194.448
1535353376039 1600.81 -15.951 196.818
1535353376069 1547.75 -14.4582 202.922
1535353376088 1487.28 -12.9663 206.793
1535353376119 1461.81 -11.0473 210.879
1535353376138 1435.32 -10.5965 213.865
1535353376159 1404.13 -9.51419 216.452
1535353376168 1393.73 -8.62763 217.629
1535353376198 1349.48 -7.08977 219.938
1535353376218 1312.05 -6.05318 220.84
1535353376228 1307.48 -5.65753 221.328
1535353376248 1275.56 -4.56097 221.68
1535353376268 1235.65 -3.81884 221.745
1535353376278 1223.1 -3.24817 221.672
1535353376298 1203.47 -2.18625 221.426
1535353376319 1151.15 -1.13256 219.906
1535353376328 1152.67 -1.142 219.733
1535353376348 1132.1 -0.14801 218.265
1535353376368 1095.03 0.953382 215.966
1535353376378 1087.19 1.60785 215.486
1535353376388 1060.52 1.91156 213.755
1535353376408 1030 2.6451 210.702
1535353376419 1012.86 3.08676 209.255
1535353376438 995.129 3.67166 206.258
1535353376458 973.076 4.74336 202.964
1535353376469 954.6 5.63642 201.038
1535353376488 917.004 7.01648 197.181
1535353376499 911.433 7.64367 195.132
1535353376518 879.299 8.4224 190.183
1535353376538 847.602 9.45426 184.983
1535353376558 813.448 9.78517 179.808
1535353376569 801.903 10.5977 176.971
1535353376588 782.366 11.573 170.576
1535353376608 767.67 12.7158 164.011
1535353376628 744.366 13.7876 157.331
1535353376638 715.709 13.8624 154.161
1535353376658 679.912 15.3204 146.72
1535353376669 676.217 15.5904 142.723
1535353376688 648.835 16.4867 134.594
1535353376699 626.36 16.8465 131.316
1535353376718 613.265 17.4617 122.598
1535353376728 606.917 18.5808 118.334
1535353376738 594.49 18.8185 114.263
1535353376758 559.211 19.4785 105.904
1535353376779 521.415 20.1338 97.1146
1535353376798 504.756 20.6565 87.2845
1535353376808 489.051 21.0398 82.0877
1535353377018 280.12 31.1956 21.5298
1535353377039 261.925 38.1645 15.8205
