0.8 0 0 0
1535348463293 1931.66 42.4495 117.719
1535348463313 1897.35 42.2619 125.697
1535348463333 1861.06 43.031 133.159
1535348463354 1836.23 42.9665 140.082
1535348463373 1787.49 43.696 147.415
1535348463394 1756.91 43.5723 154.064
1535348463413 1722.88 43.6096 159.21
1535348463423 1701.72 43.8432 161.947
1535348463443 1685.25 43.9841 166.761
1535348463463 1635.35 44.0605 172.166
1535348463483 1598.86 44.7127 176.648
1535348463493 1597.41 44.4221 178.798
1535348463514 1575.43 45.1146 182.486
1535348463524 1553.31 45.3146 184.368
1535348463543 1518.39 45.4458 187.289
1535348463554 1495.26 44.9158 189.201
1535348463563 1479.62 44.5267 190.195
1535348463584 1427.78 44.6503 192.639
1535348463603 1415.78 45.2747 194.383
1535348463613 1387.87 45.5338 195.093
1535348463633 1377.76 46.0529 196.217
1535348463653 1333.4 45.7147 197.207
1535348463664 1325.42 46.4101 197.519
1535348463674 1329.04 46.2989 198.232
1535348463693 1286.45 46.2397 198.503
1535348463713 1270.5 46.5809 197.954
1535348463723 1231.07 46.1252 197.776
1535348463744 1203.6 46.4232 196.15
1535348463754 1202.93 46.5715 196.116
1535348463773 1177.76 47.1125 194.895
1535348463783 1150.24 46.3976 194.066
1535348463803 1111.17 46.3389 192.525
1535348463815 1100.51 46.0582 191.027
1535348463833 1075.77 46.5953 188.733
1535348463843 1068.77 46.3297 187.602
1535348463863 1036.38 46.4431 184.313
1535348463873 1012.16 46.2954 181.99
1535348463893 996.757 46.3047 178.665
1535348463903 985.975 46.2268 176.257
1535348463925 955.665 46.3418 172.053
1535348463933 941.595 46.4226 169.44
1535348463953 924.548 46.8092 164.917
1535348463973 892.323 46.2998 159.91
1535348463993 869.908 46.3039 154.258
1535348464013 839.748 46.3686 148.071
1535348464023 829.158 46.2776 145.001
1535348464043 799.551 46.1941 138.248
1535348464053 786.988 46.0207 134.545
1535348464073 765.471 45.9984 127.349
1535348464103 720.196 46.0075 117.096
1535348464123 687.755 45.722 110.305
1535348464133 673.596 45.1269 105.96
1535348464153 648.354 45.5216 97.4044
1535348464173 622.626 45.1686 88.8988
1535348464183 596.894 45.6863 85.2373
1535348464193 600.599 45.4324 79.0824
1535348464213 571.778 45.2859 69.665
1535348464234 550.749 45.7929 59.1437
