0.8 0 0 0
1535349305238 1996.69 -14.1705 117.929
1535349305258 1964 -9.75873 126.814
1535349305288 1932.38 -2.87779 138.747
1535349305298 1917.79 -1.03915 142.869
1535349305318 1868.49 3.4364 151.254
1535349305329 1872.66 5.68207 154.835
1535349305348 1823.46 10.4516 162.181
1535349305368 1798.31 14.7409 168.277
1535349305378 1749.69 16.6468 172.368
1535349305399 1734.48 21.4896 178.035
1535349305408 1740.01 23.4052 180.691
1535349305438 1687.71 30.2483 189.085
1535349305448 1654.17 32.096 191.915
1535349305458 1643.74 34.3075 194.426
1535349305468 1621.6 36.6622 196.838
1535349305488 1587.64 40.9427 201.166
1535349305498 1567.83 42.8319 202.518
1535349305508 1554.16 45.1744 204.824
1535349305528 1514.52 49.1848 208.079
1535349305538 1510.47 52.1577 209.824
1535349305548 1498.61 53.7248 211.22
1535349305558 1477.36 55.8481 212.318
1535349305568 1450.68 57.3553 213.83
1535349305588 1451.85 62.5654 216.245
1535349305598 1408.85 64.3254 216.86
1535349305618 1372.33 67.9409 217.813
1535349305628 1380.17 70.8709 219.115
1535349305638 1361.05 72.5922 219.408
1535349305648 1328.9 74.0413 219.262
1535349305668 1314.47 78.5707 220.182
1535349305679 1307.05 81.2853 220.995
1535349305688 1290.27 82.8269 220.734
1535349305708 1253.82 86.821 220.477
1535349305718 1240.42 88.8056 220.068
1535349305728 1223.27 90.9576 219.991
1535349305748 1193.65 95.0435 218.971
1535349305758 1183.28 96.8245 218.049
1535349305768 1164.33 99.3016 217.237
1535349305788 1127.82 102.538 215.74
1535349305798 1114.82 104.708 214.353
1535349305818 1083.27 107.893 212.025
1535349305828 1075.8 110.763 210.684
1535349305838 1051.55 111.188 209.138
1535349305848 1046.9 113.809 207.838
1535349305868 1011.77 118.066 204.673
1535349305878 990.731 119.291 202.802
1535349305888 1000.47 122.376 201.001
1535349305908 953.485 125.077 196.461
1535349305918 954.711 128.551 194.276
1535349305938 920.577 131.493 189.498
1535349305948 900.976 132.637 186.989
1535349305958 887.476 135.005 184.307
1535349305968 873.885 136.562 181.641
1535349305988 847.385 140.463 175.943
1535349305998 838.197 142.663 172.996
1535349306008 825.03 144.405 170.074
1535349306028 797.314 148.011 163.613
1535349306048 764.75 151.063 157.071
1535349306059 753.46 153.055 153.683
1535349306068 746.07 154.875 149.757
1535349306088 714.935 159.026 142.835
1535349306098 698.9 159.849 139.186
1535349306118 667.408 163.506 131.358
1535349306128 654.339 164.799 127.553
1535349306138 638.615 166.526 123.313
1535349306158 614.051 170.009 115.19
1535349306168 592.76 170.805 111.309
1535349306178 577.995 172.726 107.011
1535349306198 567.779 177.628 97.0132
1535349306208 550.503 179.107 92.4185
1535349306218 527.047 179.432 88.4224
1535349306238 512.545 184.648 77.5413
1535349306248 491.925 185.621 72.7579
1535349306258 481.177 187.393 67.5436
1535349306278 459.813 191.518 56.5975
1535349306468 277.352 214.355 48.548
1535349306508 250.9 217.833 63.7979
1535349306518 246.753 220.975 65.8787
1535349306538 228.792 221.924 72.8587
1535349306548 223.234 222.404 75.4532
1535349306568 204.436 222.985 82.5635
1535349306578 202.156 225.964 83.4369
1535349306598 201.005 229.552 88.434
1535349306608 187.227 228.868 91.6266
1535349306628 172.067 229.556 96.308
1535349306638 162.828 228.91 98.6155
1535349306658 148.695 230.867 103.075
1535349306668 153.137 234.789 103.862
1535349306688 128.173 233.825 107.294
1535349306698 136.457 238.485 107.752
1535349306708 123.246 236.95 110.551
1535349306728 102.995 236.926 113.484
1535349306738 95.5962 237.203 114.306
1535349306758 83.0421 239.154 115.349
1535349306768 76.6871 239.303 116.121
1535349306778 81.2561 244.212 116.371
1535349306798 61.1936 242.142 117.737
1535349306818 32.7423 238.275 119.013
1535349306828 32.4074 240.852 119.274
1535349306958 -26.3866 258.825 110.148
1535349306978 -32.805 262.495 106.521
1535349307108 -112.427 270.765 80.4556
1535349307128 -127.362 271.098 75.0024
1535349307248 -192.38 281.52 31.9878
1535349307268 -202.25 284.141 23.2473
1535349307298 -223.592 282.441 11.1661
1535349307438 -299.737 295.335 41.6494
1535349307458 -310.128 297.412 46.707
1535349307478 -324.732 295.354 51.548
1535349307518 -345.19 300.308 59.3773
