0.8 0 0 0
1535351145729 1799.39 33.8115 173.833
1535351145749 1799.56 35.2575 180.788
1535351145769 1777.26 36.1081 187.573
1535351145789 1733.11 36.6825 194.709
1535351145809 1691.57 37.5428 200.444
1535351145819 1653.95 37.7437 202.925
1535351145839 1637.03 39.2733 208.365
1535351145849 1626.46 39.7809 210.549
1535351145869 1564.95 40.0749 215.478
1535351145889 1555.76 40.7837 219.971
1535351145909 1515.54 41.9125 224.399
1535351145919 1505.99 42.7493 226.016
1535351145939 1447.37 42.795 228.975
1535351145959 1440.9 44.6003 232.353
1535351145969 1422.35 44.663 233.413
1535351145989 1372.36 45.5771 235.193
1535351145999 1392.25 46.8142 237.489
1535351146019 1348.07 46.9696 238.749
1535351146039 1316.45 47.9633 239.814
1535351146049 1307.89 48.6444 239.991
1535351146069 1270.56 48.9262 241.125
1535351146079 1261.41 49.4234 241.324
1535351146099 1206.27 49.7051 240.431
1535351146109 1210.7 50.906 241.088
1535351146129 1185.7 51.7177 240.685
1535351146149 1138.56 52.1375 239.66
1535351146159 1132.5 52.9106 238.993
1535351146179 1098.91 52.9204 237.684
1535351146199 1070.68 54.0764 235.923
1535351146209 1062.49 54.7124 235.106
1535351146219 1052.45 55.4797 234.043
1535351146239 1001.28 55.2174 231.272
1535351146259 987.496 56.2757 228.571
1535351146269 962.263 56.6895 226.829
1535351146279 960.292 56.7561 225.166
1535351146299 937.726 57.3575 221.938
1535351146319 897.659 58.0304 217.497
1535351146329 885.98 58.5092 215.516
1535351146349 859.378 59.2478 210.504
1535351146369 826.069 60.0754 205.407
1535351146379 819.442 60.3119 202.985
1535351146399 784.698 60.0957 196.975
1535351146409 784.459 61.5814 194.638
1535351146429 762.011 62.4658 188.31
1535351146439 760.636 63.0749 185.058
1535351146459 718.72 63.5571 178.015
1535351146481 692.462 64.0513 171.151
1535351146489 671.57 63.7421 167.764
1535351146509 640.24 64.2502 160.25
1535351146519 632.426 64.8848 156.189
1535351146539 598.08 64.9585 148.137
1535351146549 593.781 66.0503 143.431
1535351146569 565.374 66.3738 135.383
1535351146589 530.551 66.3822 126.974
1535351146599 515.345 66.6054 122.708
1535351146619 482.722 66.5775 113.799
1535351146629 478.257 67.6708 108.127
1535351146639 456.449 67.2955 103.665
1535351146659 439.974 68.6753 92.9962
1535351146679 410.917 69.2637 82.5736
1535351146689 399.856 69.5384 76.8011
1535351146709 382.747 70.3457 65.3242
