0.8 0 0 0
1535348452944 1743.95 -10.7554 151.573
1535348452974 1697.14 -8.98231 160.307
1535348452994 1675.93 -7.76233 167.139
1535348453014 1621.32 -5.93285 173.515
1535348453024 1601.05 -5.52808 176.18
1535348453044 1588.87 -4.90145 181.42
1535348453064 1545.04 -2.9604 186.18
1535348453074 1536.73 -2.51233 188.805
1535348453094 1511.87 -1.1484 192.922
1535348453114 1463.41 0.134824 196.403
1535348453124 1427.32 -0.146498 196.82
1535348453144 1440.85 1.51321 200.899
1535348453164 1389.8 2.30266 202.716
1535348453174 1364.22 3.29185 204.121
1535348453194 1365.43 4.20121 205.398
1535348453214 1327.03 5.68445 206.896
1535348453224 1300.51 6.02616 207.424
1535348453244 1293.32 7.65655 208.238
1535348453254 1269.83 8.24338 208.678
1535348453274 1233.27 9.03909 208.353
1535348453284 1201.52 9.87064 208.045
1535348453304 1194.68 11.067 208.321
1535348453314 1165.27 11.3065 207.495
1535348453324 1148.72 12.1993 206.924
1535348453344 1138.3 13.2452 206.49
1535348453354 1118.72 14.0383 205.664
1535348453374 1080.32 15.0915 204.013
1535348453384 1067.58 16.1484 203.259
1535348453394 1060.11 16.0868 201.955
1535348453414 1022.23 17.4194 199.769
1535348453434 998.212 18.1801 196.777
1535348453444 997.299 19.3158 195.548
1535348453464 966.437 20.4394 192.159
1535348453474 967.009 21.2292 190.098
1535348453484 931.969 20.9871 188.113
1535348453504 907.783 22.455 184.264
1535348453524 873.56 23.5034 179.378
1535348453534 870.049 24.41 176.645
1535348453544 854.219 24.8744 174.335
1535348453564 830.03 25.7409 169.234
1535348453584 802.706 27.3331 163.986
1535348453594 782.169 27.421 161.077
1535348453614 766.843 29.0776 154.342
1535348453624 734.876 29.234 151.673
1535348453644 709.18 30.2083 144.891
1535348453654 709.264 30.9749 140.384
1535348453674 676.55 31.8001 133.274
1535348453684 630.088 30.2955 130.435
1535348453694 652.969 32.6613 125.89
1535348453714 614.744 33.5042 118.91
1535348453724 609.858 34.1295 114.434
1535348453744 579.494 35.4062 106.401
1535348453754 562.21 35.1453 102.076
1535348453774 552.978 37.0167 91.7916
1535348453784 536.816 37.438 87.6506
1535348453804 506.114 38.087 78.2592
1535348453814 497.101 38.8295 72.9717
1535348453834 472.38 39.9161 62.4626
1535348454054 246.088 62.3857 44.6317
1535348454074 248.539 61.9012 45.8967
