0.8 0 0 0
1535347511975 1996.58 25.7931 112.731
1535347511995 1954.12 27.057 121.684
1535347512015 1923.38 28.4945 129.195
1535347512035 1908.99 30.0739 135.841
1535347512055 1859.28 31.6507 142.537
1535347512075 1794.06 33.2094 149.447
1535347512095 1787.07 34.6877 154.986
1535347512115 1750.42 35.8419 160.167
1535347512155 1709.9 39.3388 170.007
1535347512175 1671.46 40.862 174.279
1535347512185 1670.03 41.5027 175.713
1535347512205 1659.08 43.723 178.754
1535347512225 1595.08 43.8184 182.642
1535347512245 1561.51 45.424 185.247
1535347512265 1535.64 46.7094 187.184
1535347512275 1507.2 47.2519 188.698
1535347512295 1463.85 48.8418 190.445
1535347512305 1485.41 50.3683 190.698
1535347512325 1441.75 51.3156 191.798
1535347512345 1403.41 52.334 192.72
1535347512365 1374.89 53.372 192.714
1535347512375 1362.62 54.5864 192.717
1535347512395 1307.48 55.4038 192.256
1535347512415 1300.02 57.499 191.572
1535347512435 1279.5 58.3688 189.902
1535347512445 1288.56 60.0212 189.052
1535347512465 1244.42 60.5206 187.469
1535347512485 1234.49 63.2645 185.513
1535347512495 1200.6 63.2094 184.064
1535347512515 1186.21 64.7838 181.211
1535347512535 1143.18 65.7855 178.452
1535347512555 1105.25 66.7216 175.163
1535347512565 1113.53 68.1392 172.94
1535347512585 1067.23 68.7186 169.132
1535347512605 1047.76 70.2645 164.776
1535347512615 1026.17 70.7191 163.086
1535347512637 1011.48 72.5797 157.929
1535347512655 959.301 72.8219 153.585
1535347512675 951.228 74.815 147.558
1535347512695 921.349 75.7361 141.565
1535347512705 903.056 76.0247 138.53
1535347512725 892.06 78.4468 131.577
1535347512745 838.726 78.0399 125.528
1535347512765 823.287 79.3942 119.007
1535347512775 811.28 80.1631 114.404
1535347512795 786.668 81.7561 107.064
1535347512815 766.996 82.9288 99.3032
1535347512825 747.084 83.1954 95.804
1535347512845 728.728 84.3622 86.313
1535347512865 695.339 85.4374 77.8582
1535347512885 672.173 86.8695 68.8058
1535347512895 660.502 86.8634 64.0042
1535347512915 632.28 87.8066 53.9652
1535347512935 618.692 89.7012 42.3359
1535347512955 587.59 90.4428 32.5694
1535347512975 562.131 91.4673 22.0785
1535347513085 467.538 93.4083 40.6762
1535347513105 460.698 94.1152 47.4161
1535347513125 447.223 94.1195 54.9286
1535347513145 425.867 94.3074 61.9094
1535347513165 415.492 94.5646 68.3691
1535347513185 403.146 94.8493 74.3411
1535347513205 393.123 95.4963 79.5308
1535347513225 378.449 95.1565 84.6918
1535347513245 369.664 96.0196 88.7579
1535347513265 350.552 95.6507 93.6192
1535347513285 345.819 96.1932 96.7201
1535347513295 332.609 95.953 98.9882
1535347513315 316.918 95.7238 102.296
1535347513335 306.925 96.2485 105.086
1535347513355 287.301 95.7767 107.655
1535347513375 278.136 96.5854 109.503
1535347513395 267.823 96.5504 110.746
1535347513405 265.134 97.3188 110.876
1535347513425 250.077 97.5131 112.055
1535347513435 238.61 95.9815 112.284
1535347513455 228.751 97.3914 112.201
1535347513475 214.906 97.3016 112.618
1535347513495 200.044 97.3548 111.824
1535347513515 187.785 97.345 110.735
1535347513535 171.435 97.3024 109.205
1535347513555 156.902 97.6946 108.042
1535347513565 160.677 97.6287 106.123
1535347513585 150.067 98.6101 103.723
1535347513605 138.624 97.9592 100.595
1535347513625 125.23 98.3083 97.9227
1535347513635 115.692 98.0246 95.9874
1535347513655 109.364 98.8196 90.5748
1535347513795 20.8052 120.702 35.3643
