0.8 0 0 0
1535351111741 2084.97 27.2743 104.506
1535351111751 2073.58 28.527 110.209
1535351111771 2032.81 30.0203 121.089
1535351111781 2006.97 30.3091 125.618
1535351111801 2005.45 31.8267 135.08
1535351111881 1860.4 38.0407 169.624
1535351111901 1798.69 39.1809 176.95
1535351111911 1790.8 39.5616 180.329
1535351111931 1740.21 40.3025 187.218
1535351111941 1749.48 42.0212 190.514
1535351111961 1730.13 44.1473 196.07
1535351111981 1678.86 44.9547 201.974
1535351111991 1668.51 45.3236 204.881
1535351112011 1632.41 46.836 209.651
1535351112021 1596.24 47.1526 211.964
1535351112041 1576.65 48.7562 216.112
1535351112051 1539.89 49.102 217.761
1535351112071 1498.99 49.965 221.306
1535351112081 1506.16 51.4664 223.149
1535351112091 1494.91 52.193 224.375
1535351112101 1483.6 53.3016 226.587
1535351112121 1419.75 53.4899 227.999
1535351112131 1411.67 54.4308 229.71
1535351112141 1394.7 55.2896 230.171
1535351112151 1395.89 56.5171 231.923
1535351112171 1374.38 57.8174 233.691
1535351112181 1369.75 59.3341 234.036
1535351112191 1339.42 59.4379 234.783
1535351112211 1307.62 60.9524 235.64
1535351112221 1292.26 61.527 235.801
1535351112231 1286.42 62.9496 236.422
1535351112251 1261.93 64.6489 236.578
1535351112261 1236.09 64.8448 236.15
1535351112271 1228.47 65.9526 236.443
1535351112291 1180.81 66.7744 235.075
1535351112301 1177.24 68.5029 234.656
1535351112311 1165.17 68.6538 234.481
1535351112331 1133.99 70.2716 232.76
1535351112341 1115.34 70.7369 232.135
1535351112361 1094.21 72.6911 230.098
1535351112371 1067.85 72.9462 228.882
1535351112381 1062.03 73.9385 227.882
1535351112401 1014.18 74.497 224.232
1535351112411 997.581 75.2809 222.642
1535351112431 972.09 77.1236 219.259
1535351112441 967.148 78.3372 216.531
1535351112461 935.476 79.8252 213.879
1535351112471 912.866 79.9924 211.751
1535351112481 902.096 80.6851 209.771
1535351112491 889.163 81.9401 207.562
1535351112511 864.839 83.9595 202.61
1535351112521 847.649 84.6295 200.017
1535351112531 833.454 85.2703 197.18
1535351112551 806.503 87.6633 191.427
1535351112561 780.181 87.1156 188.852
1535351112571 775.812 88.7076 185.736
1535351112591 745.163 89.7079 179.816
1535351112601 730.781 90.1839 176.236
1535351112621 703.252 92.2495 169.459
1535351112631 693.032 93.384 165.45
1535351112641 681.026 94.0689 161.949
1535351112661 640.423 94.5138 154.869
1535351112671 623.25 94.8536 151.037
1535351112691 619.503 98.5008 141.173
1535351112701 600.129 99.087 137.216
1535351112721 574.782 100.48 128.507
1535351112731 559.791 100.758 125.082
1535351112741 550.503 101.793 120.183
1535351112761 508.702 102.125 111.951
1535351112781 494.592 105.158 101.623
1535351112791 490.492 106.309 95.6644
1535351112801 477.256 107.136 90.606
1535351112821 449.885 109.102 80.1671
1535351112831 423.327 108.742 75.9114
1535351112851 401.582 109.986 65.2761
