0.8 0 0 0
1535348470183 1849.54 -245.498 132.802
1535348470203 1832.65 -242.314 141.199
1535348470213 1812.3 -239.458 144.92
1535348470243 1753.68 -232.003 156.676
1535348470263 1711.42 -225.784 163.382
1535348470283 1694.49 -222.928 169.188
1535348470303 1653.85 -217.487 176.203
1535348470323 1606.59 -212.355 181.603
1535348470343 1603.72 -210.128 186.665
1535348470363 1574.96 -205.985 191.668
1535348470384 1533.47 -200.817 196.402
1535348470403 1513.81 -197.838 200.59
1535348470423 1479.88 -193.043 203.608
1535348470433 1481.54 -192.931 205.335
1535348470453 1438.19 -187.195 208.235
1535348470473 1410.71 -183.628 210.897
1535348470483 1408.97 -182.728 212.267
1535348470503 1357.86 -176.747 213.613
1535348470513 1359.73 -176.292 214.507
1535348470533 1317.34 -170.748 215.476
1535348470543 1310.53 -169.408 216.044
1535348470563 1283.08 -165.966 217.017
1535348470583 1256.35 -162.045 217.263
1535348470593 1239.71 -159.831 216.99
1535348470613 1221.59 -156.775 216.424
1535348470623 1201.99 -154.376 216.375
1535348470643 1158.65 -149.068 215.333
1535348470653 1149.95 -147.903 214.788
1535348470673 1140.21 -145.509 213.386
1535348470683 1109.46 -142.298 212.265
1535348470703 1084.49 -138.469 210.52
1535348470723 1052.94 -134.69 207.971
1535348470733 1053.92 -133.397 206.695
1535348470743 1034.35 -131.334 205.163
1535348470763 996.794 -126.715 201.7
1535348470773 983.742 -124.658 200.113
1535348470793 960.816 -121.455 196.435
1535348470803 974.909 -122.017 194.361
1535348470823 924.625 -116.523 190.166
1535348470833 915.529 -115.437 187.562
1535348470853 872.943 -110.819 182.804
1535348470873 850.029 -107.464 177.687
1535348470883 847.409 -106.284 174.559
1535348470903 816.972 -102.394 169.25
1535348470923 791.292 -98.9815 163.116
1535348470933 779.773 -97.0553 159.703
1535348470943 761.696 -95.0472 156.659
1535348470963 738.705 -91.6538 149.819
1535348470973 729.956 -90.5232 146.158
1535348470993 703.159 -86.982 138.472
1535348471013 684.499 -83.9633 130.476
1535348471023 673.138 -82.291 126.858
1535348471043 658.631 -79.4768 117.451
1535348471063 612.289 -74.6241 110.537
1535348471073 622.761 -74.2572 104.221
1535348471093 584.365 -70.7079 96.2956
1535348471113 572.508 -68.2543 85.6619
1535348471123 547.394 -65.835 81.9301
1535348471143 529.728 -63.0415 70.975
1535348471163 496.541 -58.8707 60.9922
1535348471173 483.889 -57.4051 55.2356
1535348471193 466.119 -54.7395 43.5833
1535348471203 448.724 -52.5647 38.5728
1535348471223 424.716 -49.3431 27.2139
1535348471243 404.991 -46.866 14.8214
1535348471305 353.555 -41.8005 22.735
1535348471323 336.869 -40.6222 32.6223
1535348471333 333.238 -40.2747 36.8946
1535348471353 324.218 -39.4852 44.6715
1535348471373 308.501 -38.3067 53.5429
1535348471393 300.088 -37.7394 60.5899
