0.8 0 0 0
1535348047466 2047.01 -23.6866 109.382
1535348047476 2011.72 -23.3971 116.492
1535348047496 2011.82 -24.797 124.609
1535348047516 1966.6 -25.0918 133.756
1535348047536 1943.72 -25.7595 142.566
1535348047556 1906.18 -26.1427 150.622
1535348047576 1848.64 -27.3327 158.501
1535348047596 1840.68 -28.0027 165.758
1535348047616 1791.24 -29.3701 172.972
1535348047636 1735.47 -29.55 179.634
1535348047656 1711.83 -29.7201 185.441
1535348047676 1677.53 -31.4365 191.414
1535348047696 1630.2 -31.1333 196.267
1535348047706 1609.7 -31.3679 198.591
1535348047716 1593.69 -32.9102 201.422
1535348047736 1547.5 -33.4539 204.856
1535348047746 1573.84 -34.1471 207.723
1535348047756 1533.55 -34.318 209.021
1535348047766 1546.38 -35.5158 211.101
1535348047786 1488.55 -35.6691 214.375
1535348047796 1466.84 -36.1402 215.581
1535348047816 1448.52 -37.1375 218.417
1535348047826 1417.16 -36.9179 219.527
1535348047846 1420.21 -38.3608 221.819
1535348047856 1402.27 -38.9401 222.92
1535348047866 1370.63 -39.3487 223.564
1535348047886 1337.88 -40.3311 224.527
1535348047896 1317.88 -40.5464 225.035
1535348047906 1313.99 -41.2272 225.348
1535348047926 1276.96 -42.4972 225.884
1535348047936 1255.15 -42.4042 225.956
1535348047946 1247.21 -42.8434 225.465
1535348047966 1223.41 -44.6073 225.155
1535348047976 1202.33 -44.5001 224.678
1535348047996 1199.5 -46.0395 223.941
1535348048006 1172.16 -46.5916 223.247
1535348048026 1143.91 -47.0629 221.403
1535348048036 1110.22 -47.1949 220.307
1535348048046 1108.16 -47.9462 219.129
1535348048056 1096.82 -48.4921 218.215
1535348048076 1065.28 -49.2765 215.527
1535348048086 1034.53 -49.1121 213.799
1535348048096 1028.68 -49.9953 212.372
1535348048116 1007.55 -50.8114 208.947
1535348048136 975.39 -52.0611 205.366
1535348048146 957.403 -51.9584 203.497
1535348048166 941.866 -53.1664 199.243
1535348048176 916.611 -53.6273 197.094
1535348048196 891.146 -54.9174 191.719
1535348048206 879.502 -54.8131 189.885
1535348048216 857.227 -54.9224 187.044
1535348048236 840.753 -56.2773 180.94
1535348048246 825.521 -56.7205 177.933
1535348048266 786.054 -56.9159 172.347
1535348048286 752.28 -57.9334 166.119
1535348048296 745.219 -58.1887 162.536
1535348048316 707.757 -58.7021 155.626
1535348048326 711.665 -60.1537 151.345
1535348048336 681.095 -59.5618 148.081
1535348048356 661.942 -61.2027 139.598
1535348048366 647.936 -61.5082 135.543
1535348048386 624.767 -62.592 127.7
1535348048396 604.013 -62.6105 123.263
1535348048406 596.458 -63.4296 118.981
1535348048426 566.18 -63.9462 110.818
1535348048436 569.652 -65.2849 105.053
1535348048456 525.423 -65.5004 96.8424
1535348048466 517.647 -66.3975 91.5762
1535348048486 492.183 -67.3677 81.6917
1535348048496 475.159 -67.4622 76.3981
1535348048516 442.909 -68.161 66.5424
1535348048526 442.545 -69.6458 59.7495
1535348048716 254.212 -50.24 18.653
1535348048736 219.004 -46.2546 13.5849
1535348048766 212.937 -42.8511 15.8247
1535348048786 170.219 -34.4499 2.3924
1535348048796 188.392 -35.1924 -1.16661
