0.8 0 0 0
1535347544403 2037.72 47.1697 139.228
1535347544423 2020.12 47.1344 147.073
1535347544443 1988.19 48.4415 156.244
1535347544463 1943.73 49.0059 164.638
1535347544483 1907.61 49.7824 172.943
1535347544503 1904.16 51.3321 180.086
1535347544523 1884.94 52.2389 187.113
1535347544543 1839.32 52.1937 194.217
1535347544563 1799.22 52.2741 199.968
1535347544583 1766.89 52.8761 206.022
1535347544603 1722.13 53.3166 211.349
1535347544623 1703.35 53.8337 215.597
1535347544643 1679.69 54.5389 220.344
1535347544663 1638.31 55.0223 224.047
1535347544683 1590.22 54.8818 227.898
1535347544703 1549.93 55.0439 230.089
1535347544723 1535.59 55.9843 233.019
1535347544733 1522.69 56.653 234.907
1535347544753 1528.2 58.5003 237.607
1535347544773 1446.59 56.6363 238.489
1535347544783 1450.88 58.0404 238.889
1535347544803 1408.78 57.7105 240.203
1535347544823 1401.7 58.748 241.902
1535347544833 1375.95 58.9476 241.713
1535347544853 1375.51 59.9606 242.461
1535347544873 1323.97 59.8334 242.195
1535347544893 1296.43 60.073 241.634
1535347544913 1274.92 60.8582 240.542
1535347544923 1260.81 61.5771 240.199
1535347544943 1256.8 62.8492 239.173
1535347544953 1225.9 62.213 237.972
1535347544973 1183.93 62.0316 235.66
1535347544993 1173.81 63.0321 233.312
1535347545003 1167.21 63.5924 232.32
1535347545023 1121.55 63.305 228.814
1535347545043 1094.57 63.7941 225.557
1535347545053 1091.41 64.6472 223.706
1535347545073 1061.74 64.7838 219.486
1535347545093 1034.74 65.1841 215.114
1535347545103 1026.75 65.8666 212.841
1535347545123 977.288 65.4978 207.605
1535347545143 965.028 65.9952 202.75
1535347545163 941.871 66.2968 197.104
1535347545183 910.774 66.6246 191.402
1535347545203 876.664 66.8334 185.145
1535347545223 869.401 68.0103 178.234
1535347545243 829.601 67.7079 171.447
1535347545253 826.907 68.4481 167.462
1535347545273 800.954 68.9228 160.315
1535347545293 777.803 69.2693 152.101
1535347545313 743.017 69.1715 144.242
1535347545323 738.448 69.5804 139.746
1535347545343 709.086 70.015 130.961
1535347545363 688.159 70.5141 121.652
1535347545383 648.473 70.0274 113.997
1535347545393 652.39 71.1158 107.785
1535347545414 613.892 70.3908 98.9655
1535347545433 592.869 70.4841 88.4282
1535347545453 566.554 71.0384 77.7533
1535347545473 550.047 71.4245 66.0307
1535347545483 535.202 71.1977 60.3657
1535347545503 514.292 71.6387 48.6048
1535347545523 485.78 72.065 37.2925
1535347545543 460.853 72.0344 25.2006
1535347545563 441.999 72.584 11.5085
1535347545603 406.284 73.2075 19.455
1535347545623 394.73 73.8913 29.1356
1535347545633 386.094 74.8292 34.5497
1535347545654 378.295 75.4655 43.7055
1535347545673 358.265 75.6863 53.5646
1535347545693 348.85 76.1913 61.9517
1535347545713 336.616 77.0414 70.2264
1535347545733 324.532 77.6766 78.2841
1535347545753 309.437 77.88 85.926
1535347545773 298.725 78.6549 92.6581
1535347545783 295.662 79.0373 95.9434
1535347545803 277.475 79.2737 102.165
1535347545823 269.553 80.2885 107.773
1535347545843 265.035 81.3385 112.878
1535347545863 233.838 80.8049 119.097
1535347545883 234.473 81.9195 122.774
1535347545903 221.183 82.0246 126.964
1535347545913 218.087 82.6943 128.469
1535347545933 202.498 83.2934 132.851
1535347545953 198.968 84.295 135.092
1535347545973 183.48 84.759 138.175
1535347545993 165.046 84.6942 140.434
1535347546003 166.464 85.8061 140.829
1535347546023 154.635 85.388 142.653
1535347546043 141.75 85.9612 144.123
1535347546063 124.463 85.9072 144.813
1535347546083 113.606 86.5348 145.129
1535347546103 104.58 87.5713 144.748
1535347546123 98.0687 88.2505 144.479
1535347546133 88.6821 88.4931 144.364
1535347546153 76.6941 89.196 143.597
1535347546173 66.4196 90.0896 141.525
1535347546193 57.3169 90.5183 139.761
1535347546213 43.3446 90.5578 137.453
1535347546223 34.3832 89.6952 136.296
1535347546243 27.3998 91.6784 133.432
1535347546263 10.7168 91.9514 131.161
1535347546283 7.14982 90.0374 128.974
1535347546293 0.382906 93.028 125.215
1535347546313 -7.37927 93.6912 120.693
1535347546333 -19.5112 93.9203 116.272
1535347546353 -29.4233 94.8648 111.389
1535347546363 -40.3608 93.8925 109.311
1535347546383 -50.7018 95.003 103.329
1535347546403 -61.6867 95.6476 97.1139
