0.8 0 0 0
1535347872445 1969.8 -74.2434 123.137
1535347872465 1926.59 -75.2703 130.843
1535347872475 1913.66 -75.1586 134.803
1535347872495 1905.82 -76.6607 141.317
1535347872515 1869.49 -77.0168 149.081
1535347872525 1823.76 -76.8512 152.66
1535347872546 1819.95 -78.5153 157.895
1535347872565 1762.98 -77.918 163.9
1535347872585 1760.56 -80.094 168.777
1535347872605 1732.32 -80.0014 173.866
1535347872615 1704.82 -80.4649 176.131
1535347872635 1651.22 -80.5579 180.578
1535347872645 1634.8 -80.9124 182.965
1535347872665 1608.35 -81.439 186.134
1535347872685 1594.79 -83.5474 189.187
1535347872695 1554.81 -82.4172 191.268
1535347872715 1495.25 -81.4057 193.827
1535347872725 1527.19 -83.8612 194.802
1535347872735 1512.16 -84.2833 195.668
1535347872755 1463.69 -84.1581 197.864
1535347872765 1463.02 -84.5635 198.812
1535347872785 1397.78 -83.9064 199.869
1535347872796 1408.33 -85.4243 200.217
1535347872815 1348.87 -84.4702 201.099
1535347872825 1352.35 -85.8369 201.503
1535347872845 1332.08 -86.4817 201.553
1535347872855 1302.73 -86.9004 201.607
1535347872875 1254.87 -86.7756 200.519
1535347872896 1234.86 -87.6372 199.704
1535347872905 1217.64 -88.3591 198.989
1535347872925 1202.12 -89.2922 197.385
1535347872935 1181.18 -89.644 196.56
1535347872955 1143.73 -89.7642 194.403
1535347872965 1132.22 -90.2846 193.458
1535347872985 1108.06 -91.1157 190.87
1535347872995 1111.9 -91.7825 189.235
1535347873015 1074.07 -92.7184 185.979
1535347873025 1046.65 -92.3471 184.287
1535347873046 1023.91 -93.2029 180.463
1535347873065 996.786 -93.6668 175.953
1535347873075 981.289 -94.0954 174.145
1535347873095 938.03 -93.8512 169.433
1535347873105 939.681 -95.5268 166.55
1535347873125 914.241 -96.2255 161.06
1535347873135 893.367 -96.3825 158.096
1535347873155 866.251 -96.7702 152.478
1535347873165 857.438 -97.1925 149.277
1535347873185 833.523 -97.9514 142.685
1535347873245 746.82 -98.8119 121.271
1535347873255 732.312 -99.581 118.2
1535347873275 702.419 -99.9011 110.727
1535347873295 677.77 -100.329 102.186
1535347873305 659.979 -100.051 98.106
1535347873315 649.298 -100.757 93.6204
1535347873335 615.599 -100.694 85.4793
1535347873355 606.272 -103.285 74.1855
1535347873365 585.13 -102.333 70.3688
1535347873385 553.908 -102.924 60.392
1535347873395 537.656 -102.672 55.2995
