0.8 0 0 0
1535347536443 1947.16 -73.323 121.617
1535347536463 1928.55 -73.3961 129.145
1535347536483 1892.2 -73.5216 136.855
1535347536503 1884.54 -73.9128 142.882
1535347536523 1867.58 -74.6276 148.626
1535347536543 1826.02 -74.4918 155.188
1535347536563 1795.37 -74.3389 160.772
1535347536583 1764.29 -73.8578 165.63
1535347536603 1714.22 -72.8409 171.134
1535347536623 1692.87 -73.2774 175.439
1535347536643 1680.77 -74.1423 179.001
1535347536663 1629.71 -73.7351 182.441
1535347536683 1609.65 -72.9205 185.85
1535347536703 1575.19 -73.4073 188.633
1535347536713 1585.82 -73.3343 189.674
1535347536733 1520.15 -72.5843 192.022
1535347536743 1543.86 -74.4323 192.455
1535347536763 1492.84 -73.969 194.115
1535347536783 1452.18 -73.0805 194.778
1535347536793 1443.54 -72.8979 195.45
1535347536813 1431.45 -73.4836 195.702
1535347536833 1408.29 -74.1973 195.586
1535347536853 1383.51 -74.2013 194.999
1535347536866 1350.74 -73.4136 194.366
1535347536883 1305.3 -72.4512 193.212
1535347536903 1286.12 -72.8718 191.89
1535347536923 1274.22 -74.0897 190.039
1535347536933 1242.14 -73.2959 189.19
1535347536953 1210.53 -73.1997 186.404
1535347536973 1181.5 -72.9293 183.919
1535347536983 1165.35 -72.799 182.059
1535347537003 1146.12 -73.6597 178.456
1535347537023 1116.33 -73.6769 174.956
1535347537043 1090.69 -73.7818 171.057
1535347537063 1060.55 -73.6163 166.598
1535347537073 1061.61 -74.9864 164.116
1535347537093 1020.56 -74.2818 159.177
1535347537113 1000.12 -74.1313 153.362
1535347537123 991.284 -75.063 150.385
1535347537143 967.83 -75.4939 144.232
1535347537163 937.191 -75.6571 138.23
1535347537173 934.437 -76.069 134.51
1535347537193 901.487 -75.6519 127.214
1535347537213 886.049 -76.3524 120.407
1535347537233 844.531 -75.9351 113.065
1535347537253 817.983 -76.0394 105.927
1535347537263 817.216 -76.5559 101.617
1535347537283 805.726 -77.433 91.6614
1535347537303 757.958 -76.2921 84.8542
1535347537323 742.896 -77.2161 74.6017
1535347537343 714.304 -77.4444 65.3333
1535347537363 687.384 -77.7044 55.3525
1535347537373 678.57 -77.7785 49.8177
1535347537393 648.564 -77.7725 39.5385
1535347537413 628.519 -78.2825 28.3247
1535347537553 512.878 -80.9032 46.5373
1535347537583 493.879 -81.6082 57.3818
1535347537593 488.313 -81.9194 60.5291
1535347537613 472.838 -81.9553 67.2135
1535347537633 459.719 -82.3647 73.3659
1535347537653 450.088 -82.8184 79.0473
1535347537663 437.783 -82.5078 82.0189
1535347537683 433.003 -83.7171 86.0452
1535347537703 416.834 -83.4976 91.2582
1535347537723 404.415 -83.7828 95.2396
1535347537733 397.066 -84.2664 97.3367
1535347537753 382.412 -84.0095 100.956
1535347537773 368.182 -84.5086 104.233
1535347537793 359.797 -85.3377 106.317
1535347537803 354.227 -86.104 107.452
1535347537823 341.697 -86.3885 109.525
1535347537843 332.105 -86.7429 110.764
1535347537853 316.195 -86.0014 112.14
1535347537873 305.987 -86.8097 112.596
1535347537893 302.446 -88.4437 112.693
1535347537913 279.177 -87.2446 113.681
1535347537933 283.059 -89.7248 112.338
1535347537953 256.136 -88.2788 112.382
1535347537963 253.353 -88.5729 111.621
1535347537983 244.004 -89.5247 110.186
1535347538003 232.758 -90.0487 108.295
1535347538023 224.485 -90.7615 105.658
1535347538043 206.639 -90.5628 103.547
1535347538063 190.588 -90.0797 101.085
1535347538083 191.79 -92.7852 96.3699
1535347538103 165.77 -93.3633 95.6441
1535347538243 112.616 -86.6035 62.5703
1535347538263 79.7289 -83.7233 57.7986
1535347538283 102.914 -75.9994 27.2465
1535347538344 89.0525 -73.5163 29.7363
1535347538503 8.21064 -106.748 57.0788
