0.8 0 0 0
1535353372899 1934.59 -25.4028 121.696
1535353372919 1907.78 -24.1644 129.911
1535353372939 1883.47 -22.247 139.24
1535353372949 1880.57 -21.9784 141.831
1535353372979 1798.52 -19.6606 153.791
1535353372999 1757.16 -17.7405 161.807
1535353373019 1734.11 -17.0199 167.394
1535353373029 1722.92 -15.9247 171.361
1535353373049 1684.77 -14.4259 177.432
1535353373069 1676.13 -13.9051 182.553
1535353373089 1656.93 -12.3059 187.293
1535353373109 1586.56 -9.99621 192.647
1535353373129 1556.71 -8.49621 197.217
1535353373149 1546.51 -7.62714 201.032
1535353373159 1493.95 -6.41052 201.505
1535353373179 1499.39 -6.07783 205.21
1535353373189 1450.31 -3.85282 206.582
1535353373209 1436.88 -2.94042 209.12
1535353373219 1405.49 -2.34836 210.103
1535353373239 1387.46 -1.19393 212.768
1535353373259 1349.26 0.290524 213.895
1535353373269 1341.02 0.771039 214.939
1535353373289 1316.57 2.41761 216.139
1535353373299 1290.25 3.23872 216.244
1535353373319 1252.5 4.60915 217.112
1535353373329 1245.2 5.14017 217.473
1535353373339 1239.15 5.35085 217.415
1535353373349 1232.2 6.3348 217.37
1535353373359 1185.54 6.47803 216.677
1535353373379 1174.27 8.68943 216.529
1535353373399 1143.02 9.8673 215.343
1535353373409 1130.25 9.97975 214.853
1535353373429 1088.32 10.9445 212.991
1535353373439 1078.92 11.705 211.857
1535353373449 1067.36 12.4942 211.034
1535353373469 1034.52 13.8941 208.471
1535353373489 1003.91 14.8362 205.868
1535353373499 990.745 15.5342 204.49
1535353373509 979.17 16.0385 202.48
1535353373529 961.697 16.7519 199.432
1535353373539 937.684 17.8765 197.412
1535353373559 923.321 18.8945 193.69
1535353373569 904.316 19.4765 191.393
1535353373589 856.355 20.486 186.953
1535353373599 854.715 20.9726 184.317
1535353373619 833.502 21.9981 179.084
1535353373629 819.593 22.6968 176.142
1535353373649 777.658 23.6123 170.935
1535353373659 765.849 23.999 167.719
1535353373679 742.375 25.5072 161.624
1535353373689 728.348 25.7061 158.477
1535353373709 692.446 27.3238 152.061
1535353373719 689.286 27.6765 147.984
1535353373739 669.967 29.07 139.763
1535353373749 647.509 29.2464 136.315
1535353373769 615.216 30.2415 129.605
1535353373779 599.199 30.461 124.908
1535353373799 586.607 32.2335 116.549
1535353373819 544.115 33.1612 108.548
1535353373829 521.143 33.2741 104.914
1535353373849 512.721 34.7638 94.0905
1535353373859 489.512 35.354 90.4408
1535353373879 473.61 36.5195 79.2778
1535353373899 447.038 37.7185 68.9075
1535353373919 418.396 38.3132 59.2664
