0.8 0 0 0
1535353290033 2017.59 23.1624 126.303
1535353290053 1977.6 24.9817 134.384
1535353290093 1947.49 28.098 150.858
1535353290113 1876.99 29.0942 158.054
1535353290123 1831.19 29.6087 161.786
1535353290153 1773.58 31.6206 171.336
1535353290183 1737.75 33.71 180.436
1535353290193 1715.72 34.0972 182.368
1535353290213 1676.18 35.4538 187.775
1535353290234 1673.33 36.679 192.436
1535353290253 1607.39 37.5425 196.812
1535353290263 1564.75 37.9851 198.906
1535353290304 1535.74 41.0626 204.872
1535353290313 1529.08 41.9985 206.468
1535353290333 1485.33 43.0885 208.802
1535353290343 1501.19 44.481 210.214
1535353290363 1441.4 45.3794 211.483
1535353290375 1447.37 46.5383 212.761
1535353290383 1414.67 46.5857 213.989
1535353290403 1389.48 48.5707 214.11
1535353290423 1349.63 49.2848 214.968
1535353290443 1321.31 50.9181 215.429
1535353290453 1311.82 51.1703 215.31
1535353290473 1293.58 53.0642 214.877
1535353290483 1252.97 53.1243 214.412
1535353290503 1231.98 54.2836 213.584
1535353290513 1210.16 54.8038 212.971
1535353290533 1175.97 55.384 211.652
1535353290543 1173.24 56.9835 210.765
1535353290563 1140.41 57.3305 208.28
1535353290573 1109.83 57.2482 207.646
1535353290583 1108.05 58.621 205.941
1535353290603 1088.1 59.7858 203.656
1535353290613 1062.02 59.7326 201.992
1535353290633 1046.9 61.6606 198.751
1535353290643 1017.95 61.402 196.734
1535353290673 975.168 63.7599 190.745
1535353290693 982.772 65.2325 186.403
1535353290703 941.416 64.7879 184.157
1535353290713 912.44 65.2527 181.629
1535353290734 899.797 66.4554 176.921
1535353290743 908.669 67.2676 173.222
1535353290753 872.955 67.7536 171.113
1535353290773 841.358 68.7154 165.255
1535353290793 820.742 70.1496 158.591
1535353290803 776.889 69.5972 155.965
1535353290823 774.996 71.5836 148.356
1535353290833 753.668 71.9063 145.459
1535353290853 724.718 72.5581 137.48
1535353290873 697.477 73.9158 129.888
1535353290883 693.521 74.93 125.772
1535353290893 675.834 75.2994 121.571
1535353290913 647.183 75.9088 114.003
1535353290923 648.841 77.5795 108.369
1535353290943 613.174 78.4285 99.7591
1535353290963 587.224 79.3959 90.7898
1535353290973 572.13 79.2308 85.8773
1535353290983 546.859 79.1781 82.2903
1535353291003 521.493 79.9777 71.7066
1535353291013 510.047 81.383 66.4639
1535353291033 483.863 82.3827 55.986
1535353291053 456.039 83.0132 45.1471
1535353291063 449.984 84.1963 38.667
1535353291073 434.597 84.4912 33.1582
1535353291093 404.278 85.0078 22.0265
1535353291103 389.815 86.0267 16.2939
1535353291113 392.707 87.7038 7.79684
1535353291133 365.787 87.5617 9.20182
1535353291153 351.644 88.8597 18.2715
1535353291163 348.643 89.968 22.0122
1535353291173 340.23 90.7704 26.528
1535353291183 328.087 90.485 31.2751
1535353291203 315.238 91.916 38.9927
1535353291223 299.642 92.6128 47.0459
1535353291233 295.563 93.5891 50.273
1535353291253 283.452 95.1385 56.7183
1535353291263 271.526 94.9524 60.6571
1535353291273 264.278 95.2697 64.3215
1535353291293 253.885 96.9973 69.6191
1535353291313 235.958 97.5349 75.6669
1535353291323 234.43 98.9038 77.6486
1535353291343 222.347 100.068 82.4319
1535353291363 201.308 100.692 87.302
1535353291373 193.699 101.369 89.7513
1535353291393 178.383 102.268 93.6127
1535353291413 173.692 103.904 96.4538
1535353291423 161.722 104.28 98.2769
1535353291443 145.863 104.805 101.139
1535353291454 141.742 106.175 102.285
1535353291464 131.337 106.507 103.76
1535353291474 119.978 106.768 105.373
1535353291484 108.86 107.133 105.74
1535353291504 107.223 109.041 106.747
1535353291524 92.4083 109.404 107.898
1535353291543 75.3076 110.05 108.899
1535353291553 76.665 111.425 108.658
1535353291573 64.4774 113.109 108.103
1535353291583 45.1429 111.434 109.511
1535353291593 50.5773 113.462 108.038
1535353291613 25.1497 113.786 108.252
1535353291623 28.9118 115.026 107.056
1535353291643 16.7083 116.005 105.362
1535353291653 6.9098 116.16 104.894
1535353291673 -9.62419 116.491 103.044
1535353291683 -20.1187 116.832 102.359
1535353291693 -21.1183 117.826 100.489
1535353291713 -33.4264 118.764 97.8237
1535353291723 -42.9378 119.271 96.5434
1535353291743 -51.6031 120.103 92.7491
1535353291753 -61.3043 120.365 91.4266
1535353291773 -70.6194 121.449 86.8505
1535353291783 -76.5524 122.578 84.393
1535353291803 -95.1514 122.246 81.0711
1535353291823 -92.9575 126.26 73.884
1535353291833 -104.956 125.069 72.5111
1535353291853 -112.49 127.136 65.826
1535353291863 -126.222 125.971 64.0921
1535353291883 -133.46 128.244 57.0648
1535353291893 -141.066 128.254 53.979
1535353291903 -150.099 128.319 51.317
1535353291923 -160.056 129.719 43.4696
1535353291933 -162.768 130.825 38.9634
1535353291953 -179.765 130.446 32.8606
1535353291963 -183.971 131.171 28.2105
1535353291983 -198.107 131.865 20.7545
1535353291993 -202.938 132.894 16.2753
1535353292023 -221.56 133.672 2.40572
1535353292043 -233.545 134.531 11.1509
1535353292063 -245.065 136.101 17.4578
1535353292073 -249.493 136.975 20.2718
1535353292093 -263.927 137.476 27.3574
1535353292103 -267.436 138.58 29.395
1535353292123 -280.453 139.336 35.0621
1535353292143 -294.976 139.379 41.1586
1535353292153 -299.317 140.892 43.2837
1535353292193 -325.687 141.62 51.8871
1535353292213 -335.616 143.842 55.0521
1535353292223 -344.192 142.894 57.4596
1535353292373 -428.167 153.332 69.0768
1535353292393 -439.819 154.278 69.0878
1535353292413 -451.482 155.253 68.5864
