0.8 0 0 0
1535348473543 1640.28 -20.8662 198.664
1535348473563 1604.14 -20.9931 206.617
1535348473593 1570.66 -18.5112 214.898
1535348473613 1539.66 -17.3517 220.836
1535348473633 1492.03 -15.5123 225.494
1535348473663 1427.28 -13.3192 231.843
1535348473693 1388.71 -11.0929 238.233
1535348473713 1342 -9.3198 241.511
1535348473733 1329.13 -7.81806 245.415
1535348473753 1283.12 -6.15712 247.483
1535348473783 1219.77 -4.06992 249.937
1535348473793 1220.45 -2.79811 251.519
1535348473823 1175.22 -0.571333 253.536
1535348473833 1151.06 -0.0923422 253.7
1535348473853 1117.64 2.38976 254.053
1535348473863 1100.69 3.35899 254.368
1535348473883 1091.77 5.01274 255.052
1535348473893 1041.18 5.2298 254.155
1535348473913 1047 7.14879 254.603
1535348473923 1005.46 7.99676 253.466
1535348473943 972.947 9.41436 252.292
1535348473963 952.396 11.7998 251.079
1535348473973 932.157 12.1612 249.893
1535348473983 914.18 12.6737 248.996
1535348474003 896.432 14.144 246.914
1535348474013 877.216 15.049 245.421
1535348474033 843.005 16.3345 242.708
1535348474043 846.209 17.1296 241.729
1535348474063 804.778 18.0136 238.052
1535348474073 788.906 18.5998 236.241
1535348474093 761.55 20.6346 232.598
1535348474113 724.189 21.951 227.852
1535348474123 707.666 22.6436 225.506
1535348474144 678.582 23.732 220.857
1535348474153 659.437 24.1933 217.99
1535348474173 632.892 25.4319 212.736
1535348474183 625.399 26.6128 209.757
1535348474203 579.442 27.4132 203.531
1535348474213 572.958 28.0206 200.408
1535348474233 542.035 29.2513 193.849
1535348474243 531.905 29.9818 190.72
1535348474264 496.633 31.0211 183.377
1535348474273 483.441 31.6706 179.409
1535348474283 469.735 32.3762 175.399
1535348474303 442.646 33.333 167.838
1535348474323 410.363 34.8673 159.433
1535348474333 393.699 35.6599 155.073
1535348474343 363.27 38.0239 149.818
1535348474363 341.834 36.317 142.662
1535348474373 315.078 39.0444 136.847
1535348474383 296.417 39.3614 132.976
1535348474403 298.109 40.0164 123.12
1535348474423 273.689 41.7038 113.218
1535348474433 259.819 42.3567 108.414
1535348474453 237.579 44.1175 97.1037
1535348474473 207.304 44.9722 86.7327
1535348474493 177.043 46.2816 75.7304
1535348474503 167.918 45.0089 70.8568
1535348474523 130.385 46.2058 61.3807
