0.8 0 0 0
1535353600006 1993.79 7.3056 107.234
1535353600026 1969.55 6.23996 116.083
1535353600046 1933.69 5.00361 124.105
1535353600066 1901.34 3.4925 131.819
1535353600086 1845.19 2.78897 139.472
1535353600097 1858.16 1.91002 142.155
1535353600116 1816.97 1.28725 149.359
1535353600127 1806.23 -0.296378 152.31
1535353600146 1784.89 -1.87068 158.165
1535353600166 1720.82 -2.43304 164.379
1535353600177 1726.37 -3.33198 166.505
1535353600196 1705.58 -5.13754 171.4
1535353600216 1626.69 -5.75679 175.954
1535353600227 1616.08 -7.03375 178.485
1535353600236 1594.01 -6.97739 179.702
1535353600256 1549.71 -8.0836 184.107
1535353600276 1535.2 -10.3597 187.497
1535353600286 1516.96 -10.3764 188.95
1535353600306 1512.94 -11.8101 191.191
1535353600316 1486.72 -12.4995 193.038
1535353600326 1455.41 -13.2128 193.938
1535353600336 1427.21 -14.0985 194.796
1535353600346 1443.53 -14.0817 195.282
1535353600366 1403.01 -16.0183 196.726
1535353600376 1397.71 -16.6746 197.207
1535353600396 1350.66 -17.2616 197.89
1535353600406 1357.85 -18.7879 197.858
1535353600416 1332.25 -19.1575 198.446
1535353600436 1315.15 -20.433 198.225
1535353600447 1286.7 -21.5068 197.455
1535353600466 1204.52 -21.4308 196.574
1535353600476 1242.74 -22.2685 196.682
1535353600486 1215.55 -22.6431 195.584
1535353600506 1201.44 -24.4584 193.937
1535353600517 1148.69 -24.6808 193.348
1535353600536 1151.27 -26.0802 190.588
1535353600546 1118.97 -26.561 189.591
1535353600566 1098.7 -27.8858 186.607
1535353600577 1073.34 -28.523 185.463
1535353600596 1064.63 -29.9838 181.511
1535353600606 1046.73 -31.2662 179.664
1535353600626 1000.18 -31.472 176.066
1535353600636 992.886 -32.4193 173.752
1535353600657 971.584 -33.6796 169.382
1535353600667 943.616 -34.0316 166.831
1535353600687 910.271 -34.7714 162.01
1535353600696 898.971 -35.6057 159.42
1535353600716 867.787 -37.3306 153.808
1535353600736 841.241 -38.1828 147.912
1535353600747 835.841 -39.2675 144.556
1535353600766 812.249 -40.3787 138.045
1535353600777 789.505 -40.7014 134.81
1535353600786 772.81 -41.3105 130.758
1535353600807 742.557 -42.0561 124.731
1535353600817 725.43 -43.1471 120.604
1535353600836 705.663 -43.5202 112.943
1535353600846 680.965 -44.681 109.916
1535353600856 671.184 -45.1431 105.5
1535353600876 647.134 -46.2081 96.6273
1535353600887 639.111 -46.9188 91.9281
1535353600897 621.183 -47.4669 87.9665
1535353600916 602.905 -48.9862 77.8696
1535353600937 569.069 -49.9788 68.7862
1535353600946 550.339 -50.47 63.9047
1535353600966 524.666 -51.6255 53.6044
