0.8 0 0 0
1535347880705 1934.31 -10.3042 151.38
1535347880735 1889.77 -2.65189 163.975
1535347880755 1863.68 0.498922 172.018
1535347880775 1798.17 4.76967 178.712
1535347880805 1764.79 11.6939 188.566
1535347880825 1738.34 16.7504 195.589
1535347880845 1680.32 20.2807 201.64
1535347880865 1641.62 23.4217 206.043
1535347880885 1630.91 27.3342 210.169
1535347880905 1568.69 32.0755 214.517
1535347880935 1517.86 37.7651 220.088
1535347880955 1508.64 41.8252 223.357
1535347880975 1475.74 45.8335 226.625
1535347880985 1429.53 47.2044 227.02
1535347880995 1418.4 49.0804 227.905
1535347881015 1425.94 54.2003 230.518
1535347881035 1369.41 57.0594 232.244
1535347881055 1335.27 60.6004 232.633
1535347881065 1333.4 63.4179 233.727
1535347881085 1294.33 67.1449 234.075
1535347881095 1270.83 67.9296 233.812
1535347881115 1242.25 72.0994 233.612
1535347881135 1227.1 76.6197 233.207
1535347881155 1185.16 79.5685 232.374
1535347881165 1167.33 81.2736 231.656
1535347881175 1151.38 82.8915 231.041
1535347881195 1115.67 86.0865 229.482
1535347881205 1099.56 88.1543 228.671
1535347881225 1077.06 91.436 226.432
1535347881245 1021.86 93.646 223.609
1535347881255 1025.77 96.6772 222.575
1535347881265 1015.86 98.9152 221.245
1535347881285 985.802 101.783 218.003
1535347881295 981.645 105.068 216.398
1535347881315 963.968 108.786 212.671
1535347881325 944.659 109.842 210.673
1535347881345 898.517 113.158 206.516
1535347881365 877.979 117.016 201.684
1535347881385 853.751 121.269 196.417
1535347881395 840.361 122.789 194.224
1535347881415 804.608 126.588 187.896
1535347881425 788.623 127.581 185.051
1535347881445 769.34 131.638 178.721
1535347881465 732.555 134.103 172.217
1535347881475 736.004 137.492 168.215
1535347881495 698.74 140.092 161.7
1535347881505 688.948 141.668 157.825
1535347881525 654.242 145.362 150.925
1535347881535 645.219 146.924 146.28
1535347881555 604.073 149.425 138.425
1535347881565 597.037 151.56 134.383
1535347881585 572.349 154.353 125.284
1535347881595 560.315 156.286 121.076
1535347881615 529.176 158.9 111.914
1535347881635 502.727 162.05 102.631
1535347881645 498.959 165.064 96.8517
1535347881665 463.044 167.637 87.1916
1535347881675 451.916 169.048 81.9091
1535347881695 419.206 171.487 71.6231
1535347881705 415.793 174.372 64.9935
1535347881725 387.755 177.149 53.8852
1535347881735 375.801 179.245 47.8934
1535347881755 343.644 181.204 36.7434
1535347881775 324.028 185.756 23.4532
1535347881785 310.73 187.274 17.1807
1535347881805 285.491 190.745 2.90055
1535347881825 266.601 191.633 13.3728
1535347881845 253.89 193.054 23.5277
1535347881855 253.89 195.824 27.2754
1535347881875 247.861 199.23 35.8212
1535347881895 222.556 198.136 46.4251
1535347881905 220.168 200.338 50.0409
1535347881925 214.893 204.219 57.5124
1535347881945 194.279 203.796 67.1123
1535347881965 175.763 204.105 75.4953
1535347881985 168.667 207.817 81.5484
1535347881995 160.554 209.605 84.678
1535347882015 141.981 209.634 91.6282
1535347882035 134.108 211.538 97.923
1535347882055 125.299 213.911 103.452
1535347882065 110.71 212.857 106.851
1535347882085 108.289 217.981 110.585
1535347882105 86.9991 216.716 116.081
1535347882115 83.6462 219.309 117.519
1535347882135 75.4625 222.061 121.136
1535347882155 47.9128 219.447 125.234
1535347882175 26.6399 218.286 128.172
1535347882186 32.7477 222.268 129.183
1535347882205 9.4732 220.94 131.773
1535347882225 -2.61786 220.894 132.863
1535347882355 -59.3199 242.442 135.041
1535347882375 -68.654 243.929 134.196
