0.8 0 0 0
1535353630555 1916.98 -315.789 145.958
1535353630575 1922.55 -307.749 153.521
1535353630595 1906.32 -296.304 161.387
1535353630605 1872.78 -288.522 165.089
1535353630625 1836.95 -275.159 172.332
1535353630645 1817.89 -264.638 179.392
1535353630665 1762.21 -248.875 185.642
1535353630685 1739.74 -238.088 191.963
1535353630705 1697.91 -225.327 197.101
1535353630715 1689.11 -219.247 199.846
1535353630735 1659.49 -207.569 204.135
1535353630755 1636.96 -196.63 209.062
1535353630775 1605.94 -184.697 212.772
1535353630795 1578.24 -173.309 216.362
1535353630805 1567.26 -167.606 217.913
1535353630825 1547.11 -156.426 220.366
1535353630835 1504.74 -148.786 221.493
1535353630855 1493.74 -138.489 224.009
1535353630865 1476.56 -133.244 224.929
1535353630885 1449.74 -122.075 226.54
1535353630895 1437.27 -116.392 227.863
1535353630915 1411.45 -105.47 228.526
1535353630925 1386.46 -99.4194 228.657
1535353630945 1354.68 -87.9655 229.317
1535353630955 1359.38 -83.2443 229.29
1535353630975 1316.64 -71.5341 229.142
1535353630985 1280.62 -64.9885 228.335
1535353630995 1295.05 -61.1194 228.348
1535353631015 1259.74 -50.4192 227.46
1535353631035 1231.43 -39.6589 225.911
1535353631045 1213.25 -34.4145 224.804
1535353631065 1210.84 -24.0403 223.21
1535353631075 1201.64 -18.9692 222.038
1535353631095 1166.11 -8.57938 219.439
1535353631105 1140.11 -3.5461 217.91
1535353631125 1120.21 7.69046 214.596
1535353631137 1110.07 12.0249 212.729
1535353631145 1079.66 17.2254 210.675
1535353631165 1076.14 26.9545 207.266
1535353631185 1032.87 37.5155 202.868
1535353631195 1035.59 42.897 200.35
1535353631215 1007.37 52.7361 196.182
1535353631225 996.93 58.1102 193.679
1535353631245 971.251 68.1327 187.936
1535353631265 933.273 78.1699 182.033
1535353631275 927.037 82.8783 179.674
1535353631295 910.043 94.1102 172.755
1535353631305 909.793 99.2269 169.312
1535353631315 901.902 103.846 165.642
1535353631335 861.413 113.799 159.002
1535353631355 825.385 122.723 151.918
1535353631365 812.196 127.443 148.152
1535353631385 793.653 137.626 139.92
1535353631395 776.972 142.244 136.51
1535353631415 750.492 152.051 127.773
1535353631425 747.037 157.571 123.905
1535353631445 726.631 166.932 114.699
1535353631455 694.926 169.419 111.996
1535353631475 703.558 182.765 100.281
1535353631495 656.35 189.58 92.6644
1535353631505 642.312 193.469 87.5579
1535353631525 610.935 201.885 78.2157
1535353631545 580.075 209.574 68.1275
1535353631555 582.947 216.527 61.6808
1535353631575 556.711 225.279 51.1035
1535353631585 562.591 232.809 43.5415
1535353631605 528.872 240.314 33.1115
1535353631655 471.962 260.973 5.6194
1535353631675 454.581 264.117 18.1429
1535353631695 453.92 270.94 26.1235
1535353631705 450.138 274.498 30.1015
1535353631725 434.514 278.066 39.7371
1535353631745 415.273 280.531 49.1662
1535353631755 404.947 281.857 54.1636
1535353631775 406.244 289.4 60.491
1535353631795 383.209 290.118 69.6233
1535353631805 383.974 294.62 71.9
1535353631825 379.229 299.788 78.6323
1535353631835 363.005 300.446 82.0717
1535353631855 346.948 302.643 89.5658
1535353631865 347.94 306.894 91.9669
1535353631885 332.968 310.01 97.7452
1535353631905 317.288 313.113 103.326
1535353632035 212.102 334.321 123.64
