0.8 0 0 0
1535353359549 1773.35 129.274 128.485
1535353359569 1752.62 130.511 135.06
1535353359589 1718.37 131.309 141.111
1535353359609 1698.62 132.965 146.783
1535353359629 1665.55 133.859 152.627
1535353359649 1607.05 132.626 158.381
1535353359669 1577.11 133.34 162.923
1535353359689 1549.6 134.286 166.691
1535353359709 1498.68 134.117 171.351
1535353359729 1474.55 135.021 174.417
1535353359750 1460.58 136.7 176.757
1535353359769 1402.41 136.018 179.065
1535353359789 1381.15 137.624 180.869
1535353359809 1338.83 137.844 182.9
1535353359819 1326.49 137.643 183.637
1535353359829 1309.13 138.572 183.698
1535353359849 1257.73 137.27 184.953
1535353359859 1281.09 140.57 184.853
1535353359879 1239.97 140.31 184.964
1535353359889 1255.07 142.568 184.707
1535353359909 1184.24 140.88 184.497
1535353359929 1178.19 143.572 183.478
1535353359949 1129.42 142.598 182.497
1535353359959 1105.59 141.826 182.022
1535353359979 1081.95 143.165 179.903
1535353359999 1047.09 143.164 177.905
1535353360009 1050.17 144.923 176.533
1535353360019 1019.4 143.505 175.099
1535353360039 987.695 144.429 172.073
1535353360050 987.684 145.93 169.925
1535353360059 963.119 145.35 168.726
1535353360079 940.275 146.801 164.917
1535353360089 923.539 146.771 162.917
1535353360109 891.861 147.557 158.44
1535353360119 871.534 146.861 156.429
1535353360140 848.697 147.73 151.623
1535353360149 833.79 148.068 149.08
1535353360169 812.118 148.927 143.318
1535353360189 771.121 148.354 137.939
1535353360199 757.872 148.85 134.98
1535353360219 736.392 150.244 128.134
1535353360229 715.788 149.765 125.805
1535353360249 696.174 151.066 118.741
1535353360259 665.003 149.151 115.786
1535353360269 655.883 150.212 111.874
1535353360299 632.772 153.034 98.769
1535353360309 612.54 152.001 95.6976
1535353360329 574.66 151.914 88.0818
1535353360349 542.185 151.659 79.6379
1535353360360 525.402 151.748 75.3287
1535353360380 511.546 153.719 64.6895
1535353360389 480.652 151.56 61.8214
1535353360409 464.092 153.336 51.0021
1535353360429 434.056 153.78 41.2742
1535353360439 423.935 154.423 35.7455
1535353360459 401.649 155.746 24.2411
1535353360479 377.25 156.883 12.8351
1535353360489 353.102 157.902 6.13349
1535353360509 343.891 156.493 10.4795
1535353360519 334.591 156.696 15.3557
1535353360539 323.867 157.501 23.9497
1535353360559 304.002 156.645 33.111
1535353360589 290.344 158.33 44.0654
1535353360599 278.156 157.746 48.6911
1535353360619 266.141 158.148 55.8338
1535353360640 251.629 158.397 62.4173
1535353360659 235.397 158.104 69.3667
1535353360669 228.81 157.91 72.1327
1535353360689 222.166 160.023 77.0001
1535353360709 208.796 159.532 82.2152
1535353360729 196.314 160.204 86.9899
1535353360739 194.771 161.279 88.8279
1535353360759 167.174 158.551 94.3382
1535353360779 157.636 159.404 97.7055
1535353360789 152.32 157.773 100.655
1535353360819 131.212 157.374 105.141
