0.8 0 0 0
1535347888774 1905.84 -53.0566 135.835
1535347888804 1888.12 -52.5334 148.429
1535347888834 1856.44 -51.9275 159.674
1535347888854 1818.92 -51.3612 166.919
1535347888904 1726.08 -49.6207 183.517
1535347888934 1652.1 -48.0456 191.751
1535347888954 1614.12 -47.0695 196.669
1535347888995 1560.18 -45.7999 205.642
1535347889024 1486.19 -43.4127 210.353
1535347889044 1486.67 -43.8821 213.617
1535347889074 1421.19 -42.5632 217.652
1535347889104 1376.05 -41.4874 220.508
1535347889134 1321.28 -39.916 222.428
1535347889154 1308.38 -39.4815 223.734
1535347889174 1265.07 -38.2399 223.981
1535347889194 1254.42 -37.6193 224.353
1535347889214 1232.86 -36.8311 224.14
1535347889234 1170.61 -35.4214 223.133
1535347889254 1151.49 -34.6868 222.066
1535347889274 1149.14 -34.7458 220.659
1535347889294 1100.62 -33.4611 218.73
1535347889314 1063.76 -32.2226 216.665
1535347889334 1038.01 -31.2473 214.017
1535347889354 1002.59 -30.7862 210.738
1535347889374 965.332 -29.4511 207.589
1535347889394 960.314 -29.0628 204.367
1535347889414 914.119 -27.5937 200.405
1535347889434 904.653 -26.9368 196.031
1535347889454 851.708 -25.5275 190.902
1535347889474 819.375 -23.9643 185.981
1535347889494 823.624 -23.7688 180.151
1535347889514 782.476 -23.0381 174.374
1535347889524 772.237 -22.7089 171.342
1535347889554 721.173 -21.2805 162.03
1535347889574 688.915 -20.0943 155.513
1535347889594 675.33 -19.495 147.804
1535347889614 638.547 -18.4768 140.852
1535347889624 632.405 -18.3471 136.093
1535347889644 594.224 -17.4651 129.109
1535347889664 573.32 -16.1843 120.859
1535347889684 549.494 -15.2548 112.219
1535347889704 529.419 -14.7701 102.401
1535347889724 502.825 -14.5773 92.7743
1535347889744 485.002 -14.1179 82.2592
1535347889764 431.509 -11.9788 74.2814
1535347889784 412.199 -10.7299 63.1546
1535347889794 396.815 -10.2749 58.1743
1535347889824 368.222 -10.0903 41.2553
1535347889834 355.272 -10.0819 34.6749
1535347889854 306.405 -5.06879 26.1736
1535347889934 269.183 -5.30486 22.1568
1535347889974 246.576 -4.16955 38.3892
1535347889994 231.622 -3.86041 46.5751
1535347890014 199.874 -3.51301 57.0549
1535347890035 192.773 -3.66049 63.2264
1535347890054 172.711 -3.5617 70.8294
1535347890074 155.719 -2.91535 77.3041
1535347890104 135.28 -2.2613 85.4832
1535347890114 132.952 -2.5553 87.7301
1535347890134 118.312 -1.91009 93.0891
1535347890154 102.751 -1.54618 97.7413
1535347890174 86.8397 -0.979181 101.735
1535347890195 86.8738 -0.969452 103.893
1535347890214 61.0865 -0.218991 108.385
1535347890224 62.1639 -0.607063 109.45
1535347890254 38.0969 0.323009 112.882
1535347890274 21.47 0.415725 115.418
1535347890294 15.0646 0.606533 116.1
1535347890314 1.20263 1.23498 117.488
1535347890334 -15.1837 1.00369 118.239
